Id,Price
725,155108.5151828395
15856,231828.2578130631
5480,238006.66943257593
15664,344730.5357568841
14275,143040.72291014533
7633,202891.96927275628
13329,168148.80190167666
5502,217219.5944494045
4220,296934.7134014169
11538,214581.75225566118
15975,271434.2249617686
3310,216821.4444258942
9286,151698.0834574205
11260,183945.37075751717
5214,107432.51746293258
11307,178206.98691232724
13543,364412.92147606635
615,179451.61896781792
3495,230818.4126169783
2321,232809.8046007513
12046,184209.96602792555
16688,143366.4591763144
12694,232044.76209801892
783,148690.57015870587
8968,166719.62473956845
13454,178108.86873882578
12190,266068.1375492531
11160,113463.19861061797
10291,194297.78344105833
891,281215.33116115927
2982,180735.53054725376
3818,246165.89771851886
2449,194706.96308839836
8317,168487.93161627266
4922,179528.22126762453
1257,241301.6091174703
9348,199079.70732784562
4176,195635.87456682994
10704,164944.06777612708
6624,113145.0342348985
5428,183967.82973271218
12749,177939.46676327006
8994,201802.23876389224
11513,141224.13495123637
3047,186691.14325767942
9519,218756.046824078
12309,232080.6271611282
14081,290286.47686317563
8334,251873.738081339
6343,182234.66687413654
14788,130212.48641044632
15748,391108.3225043321
153,234842.91300569856
14149,187183.88673896965
269,193038.4140986459
5452,139361.80003493847
721,166268.20271227392
5079,360141.6855351632
2831,123456.96538231039
10614,110820.26523169404
10131,273365.9364986182
9996,336812.5346982248
3061,182716.99022495357
11733,331104.9519686241
3726,264021.26413572836
10929,209868.31183485274
9011,301870.2971786502
16182,312657.2701051424
4976,171264.54117465508
9897,250194.3961643331
1872,149807.22616676378
9205,432478.77724821283
5403,378250.3113055859
14074,209245.2517775644
6268,155917.40004431666
14232,169332.98530792526
8532,234303.44477103584
7034,315978.6631872178
6553,416966.0390474868
3133,177503.53353416413
8596,207006.76728600264
12389,253693.74989833328
14462,178092.39131155374
8860,336884.48331580847
8377,290121.33547350677
6367,308735.8533233495
6917,246836.27432998313
4216,191120.01764472522
5806,171135.9586725405
5438,188888.88215136036
6632,189303.61214965634
2650,160471.40800855178
5396,206164.67846634894
4044,151432.09926712996
1345,244484.43030697975
856,183204.3513675977
12791,261018.62019009085
12499,215493.41064947654
12249,128855.10218897075
14641,140198.0105767541
1919,155818.68990634757
7848,197102.70172985818
10749,181427.9392400832
15554,188620.67869404372
15834,182191.15009240064
1355,166305.30451876376
15451,180992.6958900815
12401,212906.1279016402
10290,173681.71708775204
9462,119499.62110075056
3103,240340.99096292775
3420,136366.059349869
12262,235794.20149700064
5032,149397.80723060636
8949,295622.07274100813
15567,230643.06841505878
16389,160056.67807909273
7809,84169.31723912807
8990,166260.23861803324
16089,241627.65952453695
12743,100182.39285220028
5132,123752.78594082518
1619,287312.5083053017
2428,98369.18191810067
16741,163823.15697096553
13193,219593.4225242202
12588,494777.06621832354
5067,175569.9485633932
14685,126345.63110681063
2292,172383.45805618257
5746,124497.85351876776
12578,162501.83519746375
14834,180790.31906788054
2147,174375.6568519848
8222,129880.81807649169
10419,268842.6200095903
11492,217252.4311985141
3006,203499.5939948812
8761,199018.4026001249
15371,336806.92174658
16367,161531.39729192268
6317,271906.8875564191
10878,270616.50385668245
3895,152839.73780243247
8041,212286.57498732719
13428,441169.54818686633
14669,161888.20994931195
1006,183012.07228618607
12271,180844.10569004714
3764,423472.4215915302
7675,190520.26617712778
11709,286615.3470775192
8629,148039.1420604286
1105,276437.5945220696
6096,181684.3260829338
11727,213536.7641651324
5157,158186.69639637048
3679,153433.23442196334
1755,145424.38566680517
7391,182112.73862839103
7425,100464.73289618666
6882,334314.56553114665
10752,342673.67666512734
7472,191136.22329717872
14320,99979.46891003227
9596,162349.39967639896
5317,199259.9809348342
7378,86500.28916689959
16154,182903.47346940578
3464,195869.9540535444
4197,239905.97371091685
9477,117310.46128986332
12705,194795.61549452017
16426,203901.24802340145
1481,68577.70865011883
9946,246109.14785464975
12025,218734.21447672544
5341,232668.15727624958
9923,278462.9477768489
7953,234062.94397604867
11066,265873.66992345266
5037,175390.24302197623
2509,188253.4393191192
4937,314522.42336867
12089,388490.69512053696
4964,164436.38832987248
16500,269628.20812914765
4625,149933.17572008868
2363,399235.74277788907
8148,188968.82008059364
3804,181251.0973094102
4584,160917.93084311156
10694,107307.00585926071
2691,169304.11238581318
2983,223345.6996398297
13563,349199.7160333004
10747,218360.18065633895
1721,199650.18393558136
2789,280928.21677633276
7214,253311.14317852622
8659,231618.38778147058
5107,284568.4395385984
3843,234559.07378821608
14610,400832.1728801105
15505,165358.37576120684
5060,267015.75388907717
16055,226513.38978988797
14963,193381.97814958132
4118,145894.03496427732
1672,192239.5792719074
3209,191317.33040093494
16515,143894.53730128432
973,177288.0221464122
12529,182520.40461174212
5896,117861.29870889214
5450,283685.62457802106
3249,165186.95491150243
8911,172935.55933768864
5898,222215.99674463074
1024,180396.33429329097
4766,204301.6126485089
15804,186977.97456521998
14303,198557.7101683135
10707,189215.8887775104
6605,215768.8749523708
1138,425103.0853599323
14088,422374.84352042706
9154,189939.4687477896
8190,195126.35535682336
398,295073.9044090197
13302,227210.10280163158
9696,148147.783360534
16786,123277.03997092095
16230,212946.3636819394
6552,182970.73487382793
923,222174.86986880418
9602,302584.874969635
5857,270312.63566322596
8120,172603.11266660944
7134,184104.3543965805
11726,175318.75996792942
8069,118802.54681511986
12420,170076.03532266247
8604,196168.62043679215
4854,285644.4576819804
12212,184402.83921672672
12099,341155.4796932105
3882,390051.7994102066
6995,337969.96314647293
10172,211736.23519835752
11672,293471.03320881946
12897,275075.26659085014
16097,189027.44285693835
6779,303002.45916179917
11199,196293.455284754
10816,428996.225210999
143,393676.6201531972
5399,269017.8941453514
3286,151154.2592509102
13706,206738.22341858392
1935,401252.2558269942
16000,179000.98525947222
2860,205793.3467097091
11407,232049.16527483638
16378,281740.04284682753
12278,176967.14642252543
3842,166130.41247657908
2692,332076.5444306348
7699,189918.48212825082
6825,306294.0976586541
7268,331925.80893959734
1477,371896.00513998227
9887,169406.03347665945
9436,186938.91938909437
3179,228739.06202948984
1350,478846.7380779052
10643,199489.19148578323
5793,238895.57218285676
11494,387710.901252114
4206,197863.47402749886
12419,237784.09555937507
8530,225347.68843602057
5985,127087.92969813755
8908,225318.84691110396
256,122025.53891867572
7234,169662.21523056534
5648,213720.74768365864
3014,214888.5496122335
2184,192742.5576170733
9189,240982.72414064297
14884,207299.6725297408
10333,156352.56897269274
15896,138412.62713758065
13269,144423.16634810274
8603,229662.21429162007
15087,188687.24128743794
4344,198829.52847999654
7981,70547.57732279919
10908,237948.90653055158
6190,162605.2294952615
11742,204533.84126714175
9224,142707.75707577643
14667,207127.84781252415
458,189271.18825672253
2464,368908.3822214936
12320,226313.82352823808
278,217281.8875211255
2912,224416.9604975229
6698,218468.85672443378
4510,132886.70032473668
4183,180934.53506324883
5551,217824.30179547408
12187,181766.13149717756
7948,218349.33004802975
10808,186769.5330880868
12432,186155.84989364992
5356,180244.2428273384
8984,492458.9471297541
9203,184472.97565846215
15412,84535.97969754362
12041,134008.83259163902
7644,278979.0378968355
7071,208190.79708632742
10685,176742.0159730581
6763,268094.21589732665
940,143005.32489964282
14959,199844.04005487624
1338,153203.28009039434
5351,136894.20194586943
6524,188161.91207978447
12516,155486.69793058842
3288,259560.54548454494
3146,226929.6275642194
3954,177441.5089947176
11955,175482.43146375567
1211,213669.09186321075
15668,205350.64662959237
1320,87673.83923747821
9108,178945.01200109592
16482,204656.091005277
5017,139542.47251667437
8290,199331.63635903932
4304,395914.6348588017
1930,213674.24247153025
12530,171295.01879344738
11295,337161.3378875686
3002,153395.78135215168
15483,169211.3692585557
11525,198094.77776472864
13978,127855.29089820391
4885,153742.68549377235
8325,179043.22956210584
3630,126750.78050056852
9165,176600.63724117642
13945,235615.95890622988
10663,194137.13498049072
14803,179937.2462431831
7621,177667.4087026396
8205,236627.9186983851
10387,204575.83963419747
5457,154911.249948258
10234,352758.8176301761
6251,177483.16110683765
701,270183.25540690083
7930,177461.0903301099
15028,138301.82619965918
12172,72575.33753086101
5805,191827.63209593776
7411,273688.82334553776
14806,192867.79022692778
7890,162689.8531160196
10440,143855.27663992575
14926,166443.15268733553
5381,136224.27706334053
3800,405519.91077140643
10511,237727.91424225763
9324,230243.183248086
3313,218135.95771508676
7351,151513.32870293924
8459,189811.5890579935
9957,123123.75098726884
12024,179731.33163145473
4380,218640.0618550309
5042,132646.2233165683
13289,146754.50445113349
13407,390380.5801927566
13258,148442.30881860247
15993,243806.60176026393
12525,169949.79905396138
4062,227117.0129236043
12065,211577.45202582248
8227,177317.17375899342
11333,174956.1548807555
2867,140361.26320632585
3319,232914.56352952373
3523,279722.81932492007
7055,203950.30073448442
14930,172743.6381970378
3444,131406.46286185135
2940,325881.8135240527
6935,364003.7710817546
16116,388273.9670325294
13370,245685.9010814795
6103,237931.00437961292
7446,178076.8927326705
1859,179376.1069013193
4079,187934.739296349
3228,170187.30825971186
9665,170158.405118289
15957,410942.256210663
11533,181579.77058703746
2314,125486.21834453242
4096,217691.67590240718
13437,173684.58381634392
5980,224420.21398024488
2008,197268.6535195365
6754,196941.2813163936
4129,159534.31674568125
14557,293948.6493607016
7096,318744.92684087367
14297,255810.82421155914
3967,219772.4141570004
16485,114065.73820257433
13075,364427.22161951324
14289,187036.52160403016
10988,160004.85129755194
3230,159642.10584006648
13250,173117.84548985396
2559,193890.78751351632
7739,347480.35243451194
7213,176299.69914746162
6639,207940.5843484008
3164,276549.5043253688
15207,165597.69211884134
5113,181286.6043134483
3929,138835.150284649
14493,247167.10679900722
11110,188076.63685181714
2033,207058.3221544726
16057,212653.47070582927
16709,221876.4040151861
14313,163618.54264811956
1028,285650.3063637888
7187,104922.59298401205
3738,341069.38013587723
9869,317680.6665037311
12644,175103.73192800945
3686,119295.25923311911
9196,283921.49675559625
12326,190815.84859886047
4936,200498.18362207725
13314,169456.7327352818
9857,330522.99115238944
519,194874.99771338262
8410,172107.43148038254
1720,178860.49655784105
10341,230205.2961475474
14415,188029.8886086385
10613,299976.42691832327
8027,205022.61241692395
15539,272401.94390474743
7431,272571.55151135655
1370,143091.3518178755
12708,158547.8426842284
2250,214908.7440201844
14758,144664.48264782093
8525,358421.44016350905
1538,271336.37324348325
1142,154242.20704750554
1152,249272.00749072476
9802,184038.529383202
3331,327870.17727990454
15203,182527.78189592328
4247,172782.35619183452
1976,416452.9052871175
2346,178001.93133960708
10078,244030.79341810086
1938,209126.50366363724
7819,178156.24375657493
2168,245707.43795369368
15634,228587.40785175713
8465,241821.0110756084
9313,155837.51547312876
6539,130894.6620147299
6325,105035.07077380126
13442,261841.7229485057
9967,181635.3002387123
7893,238340.62957796585
2861,195353.99523777456
11031,304432.4041683433
15073,127907.51057537398
13837,172549.7798978279
2524,265093.43997313926
8617,196443.64981966914
13513,202069.03657149523
3081,313305.25365552347
10675,355970.76662563987
1907,87440.92680404813
4872,245607.19179052976
16274,384511.72938084794
11837,238462.8353251546
16577,218020.40535769367
5231,303036.0580000474
11315,183565.2177274194
273,204440.806679283
8363,216589.3960222974
4255,210266.61773381644
16330,246558.1296691074
11528,177823.38264833103
14799,283012.54467422125
1611,229231.89201454577
9234,182412.1324465992
1633,109765.62275269044
6791,209809.75950720423
11567,405380.6148671782
3070,229656.6876025917
12094,233199.02611231687
14335,281617.3665494535
137,167945.66103180082
7182,170827.267512799
11718,180856.064967748
5194,101741.7678477212
97,364240.64848535607
5118,392099.2422755442
13920,302040.82925233693
9952,192628.9862193186
15337,208869.02059894183
10243,218335.63915631827
4048,412269.72671098175
171,156021.50628760856
11378,166020.20387934917
14190,176163.3066888145
15265,150545.77110279223
2740,139027.63352067908
5573,313035.42858324875
4481,239854.5506339716
2631,153070.48985140157
4984,257296.5693203074
16466,182378.8452010109
16716,125828.42755500015
15325,183204.39373011206
10115,173930.38116301
117,488539.3104885075
5476,107516.9398959291
11757,187382.3723661148
12359,123966.9196622234
15546,182054.22958840014
8133,159682.03734039338
9018,344396.43861933495
2075,168804.61652170095
11170,297771.5800020428
15733,207175.16330932267
9280,150109.25330060173
10734,325052.05971149623
14071,162002.7572726247
7373,224470.1075379678
14736,182862.10002329014
3458,116139.0217770147
6183,164671.40511247798
7825,217486.8929691331
16775,180981.73968670762
5717,187586.19906398669
12397,142697.24402654055
8189,488681.5853338536
4423,207971.84497386494
3994,123113.2638800026
10342,189726.95476558025
10051,183774.36731751187
9453,144573.01388868812
12593,487811.86085098004
1274,87936.07623516004
6933,357308.40363679035
1761,149704.78746468568
7157,347749.25349233864
15169,146501.8593343468
6792,355714.0576400945
13830,173389.13883739754
7240,188243.79810973856
3051,241799.51569255153
6550,116855.05654232735
4603,193431.59965519703
5729,165116.84921875733
13473,328491.2452727874
15104,157509.14085809342
6599,362688.95160503744
2216,252528.91926427835
8721,297142.48013147543
3645,182927.52957894397
8664,215822.02512535188
11001,200751.40498448943
753,166135.26125565547
8129,231453.8059908798
15235,176710.48906835483
3359,207845.99624277052
10424,208973.7099438362
10226,227965.14059331297
9252,192532.0763787523
3008,234902.3000750738
5849,181583.1747104834
8494,179820.59552464358
6764,329160.88355291577
12445,335344.58149271883
11716,179102.03384609494
4508,117428.03725187136
5669,196874.2332979407
11427,101740.53707100246
11065,196224.86067862122
8910,217510.44506418385
16401,125957.16934822564
11913,151648.0842185965
6221,221187.9825248774
10839,187263.33663620445
2809,205516.15460116934
13311,178422.7825704907
6866,203647.4073719849
6019,171306.12380773906
3024,162380.09338285844
1391,227619.85119994197
15904,205065.01262310368
15858,276317.6259204914
9911,231146.9614376124
16579,221627.2320775792
4394,263383.83023443725
1468,446106.34716496157
12965,154713.88886278917
2249,201354.15204792394
14384,154228.04395846452
13040,126266.8847180864
8872,140680.77030838662
12864,239069.2069043874
15712,173129.22559448212
14049,183089.66900088888
1840,114236.4619145934
12019,178518.3004181318
8948,177274.71049720477
15154,222062.3735637095
6943,147935.87591819614
12564,410058.1796383697
12766,167916.60224616044
7255,233521.36974798344
7962,153245.31025057848
709,133946.97946834742
4634,153241.31769191238
889,230884.12131725947
4774,134819.16972130653
13890,182547.46633439595
15431,148725.12007729276
8726,338635.9162458562
10373,143275.07614585097
6413,180747.53558106362
9761,134476.2945376318
15864,153731.77091014574
6147,146992.49934153038
3384,236789.51624361306
320,252909.8827436598
8006,167978.2482930076
14395,177120.2323142571
14976,101499.85277848318
12185,232248.33860530105
4779,135246.03704008798
8551,150429.69446422698
9025,318137.0185515437
10616,229079.7718686617
7475,102141.90580757556
6341,328870.2485934431
14163,146379.7857097769
2211,193877.3827307053
10532,271996.70943905646
14338,143409.108641548
831,180330.24151926755
3382,182965.74858369943
9209,298520.9336034984
7188,217933.41834224586
7197,230164.0622454995
11270,160496.02792295977
15918,89321.3392856525
6937,470849.15629652626
6178,182011.9460948058
10668,122613.2302720616
1413,270301.7245740963
6884,357034.3765048053
8266,192060.98545884425
14019,201630.3728148563
16764,145925.2275072394
15306,175629.82643994875
3740,269563.3468513777
5298,187512.28825795584
8319,178091.4664764535
4229,182746.20800730158
13429,190645.87559838017
1753,444500.1575007289
860,250391.73349146196
14219,150534.72682313804
12113,202786.9123822183
11309,121747.33316383156
9930,202559.2155768688
10570,189798.41295185417
2839,154949.462489796
6699,126470.55131665379
16647,116899.69432704168
5325,242700.4766305511
13733,138418.24351894562
7818,326608.2329368174
12505,228877.1842356448
9489,190088.5115852166
10106,184338.7030454947
7864,195872.47074901377
5134,273189.56409646594
11859,147740.0521069476
7440,347073.09795067855
1525,300232.88168329035
7339,184347.29250265754
8,321433.0031727688
3248,118207.65508893676
8995,236254.9433299356
15178,68867.41403568507
8594,167171.05757558555
15770,230001.18414993602
15859,344932.39334967465
1735,328063.8158574084
11410,467190.26734978246
16397,161893.8518768779
3572,151502.45657380027
5501,111713.22651406888
969,190327.02580499777
6977,418512.80295934307
1233,176169.1896412404
4258,146186.80804944676
90,448282.49129118345
16650,183375.81727776446
197,108399.27716346276
12514,224711.54180863727
4367,185465.38447218982
3199,187140.52062001714
5600,193513.36179157614
11641,163693.40072919938
14609,119312.97625947506
12775,167612.31542480108
14240,174898.68659517425
7933,174161.76482460665
6945,336381.3266653917
14006,203971.38176148903
6320,231166.5563642816
12061,195853.015483607
16369,228999.9676447932
16354,384296.1392497348
3970,305932.13612593146
1048,202615.62257561105
3639,216757.04144700844
14448,239801.580436935
2812,441122.79506707215
3932,150104.58504768152
14875,321066.54124228255
8883,119356.41158203768
7622,309542.8145158288
7252,128385.43379131479
9751,171470.1729555324
2378,202038.57698383997
6816,225451.77230254564
15358,187481.2068023133
7843,143326.23435925518
10448,398998.60852480994
7840,280821.4202056421
8880,247029.70266008173
12551,325985.55929830315
15470,197077.06061228368
16207,223097.40333919524
12123,128028.48589427405
15247,377548.6227507282
7481,202312.51990869644
16171,346804.2911939148
7461,299194.78788481373
902,243142.6683833843
13094,165710.3431855131
11584,244799.4802969592
4462,197722.77734825131
15576,148031.8018542642
16606,256432.589008002
5427,287872.2659362116
7725,180357.0738794483
5409,199103.50661419143
12579,126517.43753818003
12013,245145.96777416722
11321,212641.51581433695
9932,156719.0881044446
591,150318.6454881635
10357,200809.35460168327
3336,231032.18389360645
13,176212.15126209214
4809,227272.36306068208
7555,175199.57072418113
15172,347006.44365897885
6989,170287.59091070853
4707,180152.49656518784
2046,241012.1708844061
6495,119590.97305010751
3873,187677.49553317897
7061,197782.0166751881
12112,230905.92739446982
8917,309033.1863383375
7735,167030.08777384256
16442,217824.65934481577
4244,164935.63201932487
3747,250908.58498946947
11086,166783.56426024414
10080,222685.05719431245
15057,258635.63885520754
1331,190150.8935117853
8891,171151.3609463042
13411,236621.86439495848
16730,237769.38947171788
2267,196323.18138026597
3022,182604.78201908534
11190,218026.5153617763
11857,186248.88977260716
9318,186260.52072378824
16512,172661.43706433714
2053,232508.96468346743
13707,136452.3192655742
12143,167078.8844052144
14080,162846.92141286025
6130,180492.43843842487
7936,84596.27548902355
10101,173040.92049103865
5663,190801.9758728431
14811,126155.70968881906
1366,195294.7347135323
908,198366.8135324321
2953,124431.28977429021
14629,149716.17571389675
15096,453963.5150050568
2115,186956.7029978209
11770,159152.1122254728
12701,180895.20767336118
14584,125339.63455982182
1893,417669.296767902
9501,485960.32372426684
2138,133133.12738479857
9346,200090.48220173016
15960,354976.1297375248
8230,165943.99695378757
13843,215031.7652846742
13810,205600.07046966298
15650,182976.41984330674
9974,146995.2323499098
12200,198268.74015917207
538,188916.97927550477
5334,194975.31464139296
14823,118240.49388950467
4817,169715.9511314322
9041,190076.5739908115
4359,272414.0202099708
4852,213313.60041500296
10141,145624.16202889054
1503,224485.687903253
16256,375912.12244706706
683,108695.23742021156
14382,202975.17579651755
7248,206960.3166410366
1200,176286.5374097279
3563,173252.79753217558
3681,394862.8336999552
3053,260406.17098276905
4099,210156.98119989454
807,117723.48262429984
4658,316737.55421665555
3535,180202.4683914838
12548,157998.4896859185
10488,197776.31882975172
5851,171690.89319614752
13736,220867.00049622566
875,169556.98953877293
14449,176153.55669543997
3958,357569.5179585756
10727,177797.88764516442
11296,138937.14716236008
13646,237190.4966886479
9599,242409.4483859953
7135,282854.07404050103
5943,327058.0174747643
2695,269266.31473125337
6766,210455.51113345768
5630,194179.46200119492
13586,203186.54619094328
3507,417085.431879736
10014,139668.69622059405
459,250484.5069949898
3582,239203.1151894103
8560,276426.070367353
3372,181194.94125264473
13109,278165.5207039683
8160,226201.37670068472
10706,233583.94491850678
9104,326348.72953432996
2870,203262.1367378815
13712,174134.153644483
13924,136597.7938368048
798,242597.0116453634
9750,419455.54345700814
16248,393460.8272338679
3170,184281.22117239755
12700,233106.60410471004
10601,143215.98032367098
514,206385.8651174098
4010,314643.82312722824
8124,153432.42487456117
10800,171093.0444606567
13628,184408.51177461137
11637,146436.25687900762
781,173935.98738137257
16156,158353.46671488063
12618,258666.14394324762
9766,169183.90160054524
15987,254961.25401208227
11051,323278.0212278291
7673,195504.46666008185
1245,356578.0477921281
2443,152716.15229826685
7413,84377.77501063573
310,142687.16684278724
10921,220639.32546542102
8709,98826.9629838347
12404,330747.7066089334
14986,226515.18768982042
10714,304245.5264475725
14286,204739.3442515043
13828,358110.8582327166
8926,448379.356333767
12233,181800.20485825103
3913,201945.66644907946
5221,220736.40591916922
14965,88225.94937837096
862,177459.79896734524
13907,128257.59129699698
5418,183697.34342763494
2045,169234.69408909525
13321,191578.4323112363
2762,224647.6878080848
13888,180870.1956215361
14962,121848.19165679315
13305,345877.5735334283
8487,234574.76652478258
7146,171709.87620396737
1134,182318.94869647405
15092,340329.5599705689
13760,247035.51654471527
11958,438544.2333196104
3177,179618.90400738153
11350,217561.52336662394
1524,118918.55552583306
5527,260498.70351185653
2872,199919.1403697281
8602,365862.6933500051
3067,360566.5709319208
10435,216799.36900249645
11222,214311.5084525964
8700,179164.52352274192
10961,228239.76355918322
14305,200336.65380389694
8362,268802.76851751877
4979,154772.69575118477
7180,321599.0201552364
5763,106188.06004089025
2192,208142.9836391213
13581,198085.91514772657
10720,144689.92075810127
1358,246749.48495965652
13366,296981.2700761822
13539,414053.4199367913
12849,216085.45597127572
6794,180928.90760395472
525,448869.25365304435
12223,356093.6657102794
16271,124912.93024202397
5818,128882.19802159023
16588,279362.2619167454
8981,126771.95007852883
16476,128214.981532455
14663,186619.31451601698
3,148199.5480665201
6615,134730.7226546745
12215,254402.83159971645
304,258406.4700647712
13634,257718.79896852878
9208,168322.0053501447
2175,171339.40599935545
250,207830.68835210442
6045,193566.69441526054
10516,155896.6535165167
1852,481023.3030906684
1573,211358.16246573496
15079,162985.05074501614
5500,180436.03297079937
15775,169161.8353927877
3198,164624.2944182559
6718,201055.85052428045
4149,190448.91279459037
9627,238857.2448527258
7595,293259.6308304935
4538,194998.0508101282
3555,238555.35805697003
10483,368362.57161539694
8834,170309.0963829121
16412,180293.89429395983
6449,173135.92435316
2767,191795.64227772542
11498,175738.56595891214
16472,144064.04372800828
178,306618.21009595477
10948,192755.30867352235
13313,326654.59614929697
8065,139088.98586630647
102,159999.97495086116
14428,151829.99690054051
11973,127990.31466199577
6663,196443.0573514717
15989,130137.50503619062
10955,423089.3556319731
11772,145829.66249912008
11364,228607.33620565513
7082,177848.26827795288
7749,491385.3622814106
6428,134802.28321676573
6869,101743.74830638926
295,177507.43177139063
12266,242614.06326557748
11129,184350.06124495997
826,392034.83320408233
3262,231513.14319047055
15641,302632.50958438916
1662,483753.38511194097
10926,227125.17067978374
10232,243184.55798765048
6376,183248.1758312325
7817,185499.20824496582
354,203458.11523978913
10076,190149.6512158147
11379,331701.6508029252
10184,129171.01459991848
4696,375505.5441149426
13562,483100.4069933512
5436,177785.95847302172
13196,106128.11931108405
14939,360893.82983523986
14004,193741.71242668398
5916,183449.10278873518
7229,180572.50186921642
9143,164506.64435887866
3440,197270.4209153032
319,174596.50554098122
11683,229913.6839797048
12647,239354.5629091758
12788,146683.30313190582
13662,243903.99595183556
423,278199.3858815725
5222,208624.96760499864
9242,198856.0388419922
2641,179534.34996352185
4855,142992.33181067268
5360,191573.4302729368
9799,170589.71849162268
5526,257104.26187538196
10309,161619.4497143321
2144,354621.6989371858
7191,200164.059042236
6732,154297.53638195395
14789,161582.82764405236
13525,160331.39416974832
4066,343123.188232146
16422,199290.09976974592
14890,219101.4068965046
2922,226029.67721367444
3601,106147.24029796253
13416,119475.75611231684
14363,200435.68846263512
9496,275778.24068133975
7115,301718.5514331076
8615,154935.39638965036
5218,74074.10426730545
9493,198407.05545316008
10623,180573.81861152832
2272,117811.83867463077
3352,313419.8419952051
84,173066.34192396983
8086,124075.52974294334
2595,182123.16067891967
3531,160991.72176236275
7460,277663.58541783696
9214,259132.57120354165
2790,311790.021497431
10548,236662.15933780067
9218,184252.4100315838
7435,190498.84809433026
15780,188921.68726724817
7640,214958.99790038168
6223,168367.448350814
3425,112892.39218296565
10582,150416.68589676492
702,242823.73297900468
2111,177992.02083838615
11730,195588.53341056008
9865,257795.54126758207
16478,334825.22620482114
1885,216932.56388269205
3956,366601.5755273317
16735,106725.15359916593
15264,211663.630754681
15971,168677.0220007718
5584,215904.172545462
15242,175910.29376427532
14358,172122.77794649586
11300,211768.1835528691
5446,180476.7298098226
3934,179522.3404929003
6610,179469.69955468044
10164,270049.76685651054
4646,189560.10071560025
13304,194883.10388388467
1985,208040.28317433473
4746,141036.1025903526
7963,208089.68706569026
14083,267416.0730082161
13140,301861.97944693133
15023,275503.0613032796
13093,236067.52077112734
7160,175813.46701396056
7407,185650.3290256862
16056,181777.9768488558
751,492937.53682470246
6179,82266.93231112773
9137,281312.4463839556
10992,272841.85460088786
5744,470458.4340597902
10884,158914.00616410625
12858,292713.75791609014
13005,320072.6390733476
16714,188111.53505328434
1419,252216.88417342785
6064,200747.15705790068
3771,198777.47047449092
5945,472118.00456761563
8453,65005.67816667632
3806,157075.7134265145
16748,256816.60451639828
11380,227469.77545363107
3107,199813.94443464096
12003,202832.66199279248
14567,231188.93019777114
1079,193311.44856609814
11705,166162.22439572166
7814,195369.44643567494
10174,165320.79372077752
5514,236133.4663731054
5265,242197.5788108745
10520,363998.8147370553
13195,214710.24293630605
14601,376274.62600310304
6012,190909.17698065762
13079,172864.13947069424
9009,131127.6252964579
3122,182245.2496972214
5470,240724.08784722275
4840,172380.85580765537
6270,282009.23229020135
9158,100285.3003358565
10120,143096.4285181421
10672,326751.6870965727
4573,148067.60595261588
12118,294809.06476826855
7447,126761.1527351942
2171,200257.11022066846
6126,300961.95602575707
2836,170135.46322610046
1457,248922.4759064349
11165,233680.4101846589
5923,206618.15131407554
1813,213022.96403366642
3492,248569.45749869753
1917,326897.249247011
965,419907.58823250607
15795,151666.8042879935
821,205475.6363813397
4568,182254.13208987302
9078,229450.85241040192
11371,122486.9382160242
5149,197634.38841018346
281,200692.7673956391
1918,238431.26920045304
776,128624.97533599606
210,218216.8286390761
10782,178799.952795697
9653,179763.4535969562
9372,159498.48309308253
5868,190153.65134690778
6176,137238.58877599429
3969,116610.38943029415
7427,144708.05024294043
8544,451950.26008595387
5219,222216.2041135136
16488,126980.73261195472
5855,247142.77237341274
15920,121744.5277591276
4393,382621.96054557577
5770,147593.94299767056
2900,149667.08881261438
8622,88529.3206367385
11610,274494.37691068626
10969,118743.407802741
11029,124828.05102681342
6193,335397.73852670117
14087,452871.59572621016
13623,165475.3630335806
16689,175048.9487299626
1027,229283.67348541855
949,144787.72865952193
672,111933.44542903818
13832,134674.01353895033
2471,199394.8036107586
8728,273959.704847418
7742,229112.21552728565
2698,226583.18590466928
9084,175290.9375630851
6075,266083.3297548959
2874,180003.22494426154
13119,131503.55940889154
5010,207733.4453087955
1284,177029.90209641325
1151,172682.7424373982
5110,366859.9291340255
11386,148320.06095763124
8019,220045.59720181942
2859,126564.54766466694
16110,179362.3002536253
16027,294682.1901704884
14902,172155.76193249252
14301,190818.11254251708
2451,218090.62794887563
13596,148938.7225036031
1464,140126.32536475145
7927,399826.50863422663
9638,236008.23652773674
8009,263467.0008804277
11903,157501.53721313894
9243,113631.79050822675
547,191197.55111568153
5511,119693.23372032456
11247,185184.01570352342
15928,323815.6238143636
3434,219983.35564116563
7614,116754.02264787634
1380,202919.54864794185
2770,139727.04320109653
111,180810.4238369489
5994,129544.99679248416
12341,191192.33675822645
2787,257868.01811034267
14410,301435.6915784992
15983,129792.8993204664
14876,201370.92577514998
653,144273.54130711473
2174,237120.7476837712
2575,261791.87950240212
7976,167159.4178491236
5812,317960.1396621035
13589,355665.52970628085
9122,130415.3908781114
8159,479563.88534570107
8754,303535.3420819815
9321,230130.18364689694
13535,185124.3903007526
2083,169144.67872183313
2689,350931.35720895877
2248,241723.5406904878
11649,164157.38761666033
11045,392689.7833147978
1276,86316.27751911616
5962,148360.48715805874
13012,165995.19974751835
4642,183014.50889335203
179,170034.55804419768
15347,430663.6300828787
3339,158428.18926147243
8166,179132.12220696182
11617,160708.24030200925
52,314635.81970902433
4395,202836.0107831002
2183,244580.2987929344
16045,196241.0574083578
15719,181019.0741289049
9864,208445.72422626428
1903,494610.3502478938
13451,180074.03251206822
3640,175563.90171852612
16551,201684.50075356505
2343,155275.497365813
10528,234694.7794987837
134,236842.05419766248
13966,308472.6029961275
2366,164444.07586815895
1198,208945.85233320852
12627,99284.17146833934
11623,237661.41119282012
8267,126372.427344286
56,281607.0293317296
2988,249303.85788350616
8843,257280.6323567932
3043,247440.33109578968
16486,323097.7612946013
1241,171227.08817283067
11180,289759.3677926273
1984,194234.79427387367
7364,148921.4362135541
10769,135009.9102428562
16617,249653.1554173238
9007,337848.13326375204
12953,381783.55839171
11366,182652.31425902602
16483,202917.0221043484
2326,195855.164415182
14195,126717.26529382184
3484,222437.1805295717
15257,192062.63279731682
11920,297858.8373641302
1359,182380.94477792084
10353,162801.98418673233
15614,126161.50771728056
15101,264881.57894714974
12755,300945.2490536606
6252,202077.84641203427
7485,197110.01722660728
12603,190284.0311577219
5281,379288.6739637852
10708,164429.61731807145
12563,155329.27734655235
4592,197734.5682426277
3390,354498.00724522746
1986,175741.78617682334
5745,140136.70865966502
14108,196978.75000663157
9693,113510.79827732265
669,126110.77062765857
7320,236356.41097849127
10258,156311.9796791488
507,202865.859421876
10365,176178.33593039465
9363,188489.6660068454
8736,111288.86069130026
15100,193382.579917594
13420,130245.98503745877
13248,278161.76891015214
1972,379357.882529231
9258,216026.49093346988
16455,285787.35761098185
6150,214898.38820024172
6283,179416.15983934238
14979,214197.08010710194
13935,180672.64574270122
4985,167224.75219766455
5393,127090.25694848837
1730,130464.96290511616
14129,202729.5349073128
6254,188158.68267244447
4173,434055.1520899967
4910,284438.61843662005
1297,167974.95913273122
3366,129196.14215920401
6044,344916.9250150658
6259,146010.83897203443
3852,111750.29498413204
8723,204287.53767414272
16109,205802.21930306827
3721,196453.98704719808
13453,272031.5582614511
11962,230561.5793475626
12998,154839.00081604157
6886,186534.33475213905
8200,319734.0031470794
51,239013.96038125255
3930,260114.39627034814
6310,202376.73226767886
6112,204440.806679283
5135,144383.5292806298
7522,292932.04433140357
9825,242318.78004657212
2411,248905.22041283723
14940,446505.20129918883
15970,160184.95099517168
9894,282417.6598063921
2564,186885.6682416844
7095,238881.09847041595
16754,221854.13277881118
16195,139019.65523660212
1770,239121.6554910929
5363,414709.03098092397
11360,219020.46035799742
13034,292675.5918025325
6542,160234.91909981455
15870,240170.40708176504
217,247184.77148231876
6490,283274.1697657185
6692,314899.1025842078
2235,146316.86228303344
16732,268923.03110516886
11499,182854.42849439193
12617,185240.38552616586
9060,242526.62153045434
12017,170264.11963984813
16750,191890.21855519022
12230,168877.60577493982
2158,163252.8135147761
15184,128421.06996106762
2981,188560.1593727439
10281,189715.0852880833
16596,191707.352126795
6976,419001.240340801
14680,157972.85139766085
10618,189944.1838268949
271,249840.0640492434
10817,199343.42447479034
1823,423492.5903113793
9549,148666.91262798608
1201,146746.41639523505
2112,228862.99324755362
2951,175199.98592822228
7183,185789.60889005492
11404,131324.22694178953
5473,317322.28581621987
9232,258089.12544613026
3033,341805.69779051846
11002,173862.3644938817
8299,235768.95871318728
15417,200888.52044241969
15612,217227.71396831848
6168,187466.54397610133
13751,194044.95493144
764,167061.10841818125
12833,83477.71323978025
2009,75010.48602607845
1005,336311.57060715504
10740,182560.71679358912
15323,238807.3887111789
9884,120231.88586989566
6185,288882.63496125373
2311,166375.01639537403
7538,312708.03382266505
6256,195796.78144097253
619,248642.43943772462
1968,189420.6178208869
10168,112498.06014030606
10762,212816.35608751167
12392,140139.70766321753
8877,299600.8843859383
2441,216666.3927025806
4974,202299.634786456
12450,191684.18160507138
15837,203754.17225129006
5260,276907.0007656051
6591,152801.50897008687
11688,282083.8305193736
9940,179779.30349961692
12070,195980.95691140383
12876,138227.54807110346
6858,210570.66295023676
2385,224072.30624656205
3596,182106.1567753949
13540,134186.8886782846
2077,131250.20619526453
5654,330298.6324849949
14029,214375.79845231806
16140,111781.22680464253
13303,466615.13296741515
7289,164519.6705387677
15226,162144.0184808232
3330,182926.7019990645
15642,294798.74018737575
16217,334840.1854211005
7330,221308.77282809242
3894,129548.4636421465
6719,205917.43415899348
13013,166386.57396071992
15835,217093.7359484326
10873,373802.92324430385
16379,262695.7507959643
10771,251870.5211567845
13943,173288.38633649613
5139,281489.54396872415
5309,218989.3071206791
14227,426932.48183023854
16292,195163.36139661568
14968,217449.0347761676
13277,211558.93691662382
1731,85063.50401805055
7286,130262.33522575929
7455,156818.13538488583
3250,204249.0617848
1659,183043.27486979298
15806,308114.8653692023
7491,226962.21908363444
1990,229252.04127971278
7769,394032.53672911803
9694,236744.84598109234
11961,198639.4685576901
4669,208731.562671915
13826,309775.7142483814
1691,240931.9890150989
3986,127778.05130576807
1407,176784.78240667
5517,165812.46466252476
8432,175565.62844474424
2214,203068.6327366199
10449,177926.7968721212
2941,189129.17314173517
5944,176880.86033199704
1555,261497.70183493898
6105,172559.69836087167
4453,241094.67774416774
5892,245606.2529536241
5000,274843.1391441822
12995,185403.88976297583
8905,207121.39235939897
11440,155928.84705779946
419,227392.5488275206
4712,160414.99236557886
2094,147409.67499204024
4567,159416.53770719495
10717,187454.16091981414
1248,377856.47282910347
12405,185069.4794682856
8331,401569.4716173533
3113,161593.620792663
6926,311685.8377259749
6777,408404.7189770634
4060,174241.42757260497
11547,268330.16553090856
15199,148481.18585855656
9282,192603.88550409905
16123,248544.44660414133
14094,173849.46302374548
8770,281271.2276593477
1054,366447.0335732542
11363,191649.74539984472
8756,112291.27688681462
4800,163785.89035246347
7620,88552.48212885197
9101,163900.19240307924
13954,233885.909851229
13600,405106.9103156147
2893,197308.48300293132
763,233919.58245554124
5347,177320.5632249746
12096,99094.33341183813
16333,238750.49064112856
16432,319003.13237320865
3513,99451.28918899184
13494,226287.74181967558
8690,196365.25348253708
7266,172194.3672057195
3472,170217.23165750355
7021,196433.0848472025
12952,232241.64829953937
2774,224346.40261056114
607,204902.231240504
6897,211065.16166452446
8220,263127.3102857534
8071,171807.0707451386
7091,270428.407218693
1805,340884.00884070835
3594,212618.0530451311
13103,284481.8313113816
2203,144947.13986936826
12622,173828.81176579517
13270,227774.53299539373
9461,137442.48676089852
7759,129118.92305527795
4256,203158.4166809935
9093,193123.59667231978
6033,301116.3262112076
7734,190310.80699010417
12368,408859.90020857955
11740,227839.68781635643
9907,164794.62589379222
12398,279875.8453177374
6290,227929.56675869625
2882,226138.27779982198
5091,166302.64683629174
7228,244275.79998530084
5953,320596.36586257437
5707,395956.1597540365
10159,179667.49749475735
7813,202580.46686299745
6463,178655.52346328527
7264,145286.59515941024
5405,177485.41824564352
7543,180688.10631555598
13702,241190.2978671353
5538,244947.32265770706
6762,118848.67703402268
9416,196124.75558897498
10415,322750.0693537963
2139,271911.6206591968
13151,162319.78867276068
10301,201012.83916580182
13273,219744.4591348963
7609,108002.87120468362
4884,177712.69332725
3438,267776.5585230768
2215,189242.91896451506
1723,127347.91277001765
2340,223058.04224905308
3950,306853.87337473873
7312,232370.0228791384
3602,375447.1702124779
12053,146117.97427183788
16240,182542.39166374548
8301,197779.15065793096
14068,201528.43120963514
6216,342755.1769643666
12910,230640.56663094478
7656,386564.37602488406
7854,181747.75010689898
14636,179108.31623643718
12267,256136.85996985596
11334,398744.785321626
9326,297732.73977652675
5935,178265.00129758517
16132,145514.5179767771
8318,140599.74878931133
5009,176839.27205022355
3883,237652.84005095036
7565,190060.53136263016
7960,134245.88694762078
16736,177698.23136996513
15284,172349.88892210077
4301,252195.60657059643
4273,374502.8341759045
8436,167842.61995787598
2113,339878.06953806744
8469,269816.1745011379
648,215212.45681631222
7526,208330.45647684508
9656,231572.99000948397
516,143209.6092328712
6849,460198.0104113331
7013,220771.9740956704
13741,390823.78239484126
13281,187280.83663419957
12374,322170.054513992
11855,436159.5518300049
2759,124146.209667633
6759,109357.23259313703
1667,159049.6101482385
5138,332343.2541763802
2452,163949.25081879264
13027,105553.80829633471
2493,142269.21172733034
9899,150020.10065311322
8151,219488.8520236478
5349,140438.39594419126
3926,286489.36658101063
6394,285187.8622419817
11720,195906.08876224063
578,200153.3852616287
4001,174866.795735869
13504,186545.4748757861
14836,333579.59297995176
1741,162729.54898817025
1278,181156.90414328
11890,205373.19713638435
1803,185676.11166482457
11418,202517.82127044818
13693,213790.49014554557
7321,224305.9472945955
12575,173980.04228641794
6966,205087.80995028059
16613,176861.9805859172
3148,476163.40496614866
8920,165815.0444048243
13984,390913.2206149596
802,258253.4429349749
13893,177653.35981058067
2495,161642.3586969274
1695,172669.59034353885
14995,348443.3468595754
10890,238278.10598015075
5282,278175.74601042795
13487,205665.32362930386
16615,319676.7177753125
4545,357420.1643269097
14032,148608.51567575012
15707,235304.22662470466
13931,187877.5803664094
946,183837.09341110833
11500,506256.7272952655
10220,159511.67777701002
2604,195595.80490587122
10761,308979.39200603653
10982,283693.44144383055
11729,227376.72306781483
8152,126270.74469224545
5323,176314.4637076275
9448,169847.2932713091
14935,143094.20726225575
385,342506.87694759795
7039,298725.047628495
9366,183295.89478999018
15823,248800.2553495571
8993,184564.50200949638
1282,172824.99989931207
437,167432.37263670441
11011,137574.27312192644
10104,179113.1152310458
16321,160205.71196738875
11188,254604.45465135007
14291,173372.7905487031
7781,204309.34285383637
1203,203410.658244772
3731,239797.27678153742
9037,340449.4907504583
12937,166683.83936086943
5196,198221.75738319207
1746,178072.83860054146
6345,123159.3246948706
7950,298712.82701040036
11552,211791.63397388457
11950,88431.79795290301
4805,365216.6027813025
9152,281410.0622762799
555,310598.59039052465
6765,124884.12768951977
8515,331247.73513765563
13915,176657.88808483657
16036,163375.57074830812
16625,184267.17587457507
11870,302566.238786663
3304,141821.37908679663
9636,271356.3786543792
5232,445713.4328973959
8878,194823.10432054833
2756,181244.7375287658
5140,125695.95255313496
375,199010.70426910117
7149,229436.40221220237
16353,284450.33075973915
15742,183914.6766477452
5957,174635.26372079382
12580,177449.56055389726
10409,238294.93695925668
13766,180020.6565753716
7778,207414.72305679432
9028,179591.6766905322
14213,189996.6614866736
12691,234112.22707695293
1658,158625.16956833348
15352,210089.8359718729
10670,204613.5933876244
14260,193891.05310734574
8870,190573.12112420987
12054,187386.85490831968
9386,333492.40959641716
14378,338450.03684895555
2080,182339.68119269807
12729,240491.19791820325
932,128106.41263367409
3149,209739.28019824598
245,205237.61862436085
6334,167065.25073456706
11684,323436.90215251973
5099,126716.9753913625
1828,144250.61644186053
13464,192999.5505675844
4023,258182.63652067955
6563,151238.93854613532
13207,181236.27524800677
14075,496355.0971377336
5722,190895.59379345103
2308,234707.5573637061
8169,257909.46886238485
3341,274059.0851512733
7693,68039.09131660683
2549,260037.6535148722
11576,339964.4787893532
8010,228638.77967157683
605,280585.7256101567
1580,295860.75469135004
1588,326219.5157344554
15197,173589.91612141754
190,186202.08547172544
12488,129034.97862291429
12254,219388.64877480007
3991,179774.1513198155
5076,209060.94675766642
3214,136882.1745275628
2348,203823.2108211402
13573,196345.20838435937
14296,195535.3149158038
4207,241457.37338880214
6529,234153.86351469663
16043,162586.97889596617
2508,191205.2139253379
12297,172051.477627422
10012,202486.45808211938
1874,145918.0844813293
8451,223487.0229118533
16108,225988.6958500595
7200,380501.592654967
859,440463.50497146277
8415,265981.6911557206
1649,68162.64871562005
6269,341173.313003399
8350,203686.66657539003
10978,205943.73829621694
16751,168854.42931725542
10133,122208.25734806605
11908,202057.11516247276
15627,127376.13372255555
14923,80178.97789753787
3669,415847.71580012754
8316,128594.70092807362
5702,294404.5591070819
3480,183418.208375949
11965,197750.18533931885
5869,119063.04181452472
11147,266115.3559240005
6505,166134.5712374235
13797,281021.63401329337
14915,202209.9459233223
8221,187755.2802124098
5873,161575.49183553425
13900,238041.25744412103
13804,255033.77551771916
994,171413.30029365505
2118,186236.9886767628
15158,200918.50599532956
9898,113808.32536410671
3509,464240.19642430445
10228,103221.68418037606
12409,395103.6564287032
9260,221712.58851024535
11462,164913.1774985802
3265,201490.52230517485
54,272414.0202099708
9316,286878.45793784934
16208,326652.5009937264
16582,175214.7117715089
6338,226692.63234941903
699,210351.87221285503
3396,155888.1357404106
13995,180569.49557110883
8971,117271.05227626029
6068,234785.2392426818
7020,190705.87651753635
14015,181930.0963749744
4172,230498.01193801503
12959,427440.0628347474
5659,193947.5469659076
14766,127835.82113794325
14402,193953.70384180069
6611,159829.84174251356
3213,270249.71924917516
13306,181602.53650224072
5966,206849.1235678089
3685,367846.1675902698
10994,208178.90222040605
13564,232352.38503787504
6507,197285.9360130931
3196,247333.54795564222
1771,146553.2507906857
13367,334462.7560419231
1529,122235.2357523607
11128,164877.3688315013
11948,223182.63742836163
3798,138475.7396429449
11443,181163.92818111565
15581,164716.9982230476
15056,266807.3707018591
5114,372910.37248659116
12195,183768.5209842625
2044,305387.0811804324
13169,89188.31865691923
15180,356315.6708515226
15543,155815.58585448674
3770,146421.76363525895
772,259759.69858577807
990,175382.85714792938
5567,216427.01399022964
10805,272907.05218065577
3951,254533.34096813417
9484,192523.5637182297
3867,321018.44226102706
15605,232215.0313607131
3805,258330.96721642374
7254,298008.3791189998
2179,195662.70432948598
12745,192676.81597617586
16545,256452.62565358306
7310,194112.19017748485
8539,166460.3893349461
222,174885.38879947513
14084,344608.1137372812
15453,143781.1336975907
12318,258724.91781230204
7368,306108.69198460307
4027,218249.49434269953
4106,150051.97756170362
506,185303.6863199402
1995,247277.9797831088
7165,201943.50770835162
12615,168222.5278222759
16792,146633.12416091742
221,282286.01531815913
9710,135581.67941484237
4364,153716.55383531525
3379,334523.0826995118
8954,198545.4065513455
16630,171573.25145730993
9624,348790.30665545753
6967,261441.19375355152
8070,195528.202489559
933,202199.81903285536
8155,238616.328450159
6771,161251.98960170822
16477,183231.6249513781
675,199272.33511107907
7201,190586.16739478457
8254,184338.8531733984
11325,192862.26786826632
14018,149337.75553580624
5190,357686.6864387278
5505,126357.78555559138
2886,234703.99614201766
6941,86872.40672911674
2668,181286.52831856866
13831,181835.0298802273
11036,258880.72441626567
13691,109566.94589493138
2007,207145.85102351138
6442,136383.5206364138
10010,202892.24755157423
3259,245190.79688814987
14013,180596.6474568989
2261,471280.79656831676
4110,179497.004528287
13293,120626.88473068825
14931,216716.89294626866
12293,134303.90674108107
16398,282436.6651845289
7132,178302.88840779138
2780,183822.0496465223
5700,208212.3921275032
8186,178430.12065674647
7031,129234.5847594222
11269,436108.5676656671
632,140421.51001259813
6330,339623.1646583408
10905,183760.59876680572
6313,209388.88377949313
13396,189891.42464955247
13414,200549.4161194648
4270,153944.196780598
926,153698.36719812258
11452,75443.35123468442
16228,418006.55215911375
1781,230918.93492241428
16492,191097.32400521624
14594,189112.5780936958
4485,176278.55864721615
8306,248707.05085363434
2071,189019.81535941505
9895,202500.79273270044
10544,198572.98606129494
11253,354920.11545993504
15213,338051.72000821575
2990,142401.24864174842
4518,273564.74288264127
2766,148292.21277435654
3275,269435.6089012091
14971,186408.50532181642
14863,132700.2376595938
1352,194564.89933054414
3423,195161.11002101534
13021,278784.7699777326
10489,149810.74626814088
12055,227567.98857504223
13089,75345.16671300784
16275,237948.86107593312
4272,164369.36060214607
3204,233883.5916248394
863,320610.08601383766
3289,119254.30201746814
9557,225037.45929060562
14381,214047.71967159462
15208,484825.05478558136
8030,248892.42599724137
8080,129555.20967994758
9876,247882.13939728093
5571,251460.647481783
5439,198989.25139040797
10689,173991.01831386954
9919,191054.09063961214
7348,280623.18417094165
11686,262022.2656964673
16643,390120.6412345518
164,119742.8889633457
15912,312488.9892432777
14237,188908.08630679525
7965,237244.3788953244
9778,171643.8865723994
14321,142622.17244355817
10617,182309.1449914991
12007,164442.11803902523
1415,99922.88406733013
12912,278195.37516633293
12062,231076.14604962216
7762,206321.97096159786
4381,454149.4891626237
7986,158413.0215083449
10647,246057.47404825583
13452,194542.91093296255
230,273331.56796437333
9285,244989.11346310712
4221,353920.6553152772
16384,174387.30182713512
14645,216522.3714604281
778,225387.68747878456
6633,201828.35426189142
15137,102463.27206728066
62,183348.22847236064
10606,354936.17529138125
7791,109255.8514641601
4161,173038.03255930007
5553,291609.6268910447
9433,69378.75333501666
7363,260602.0801946444
10162,209945.5582088969
9568,202947.28619290105
9901,234722.32648162215
8047,163083.33888841217
12954,145201.5950283827
12479,171078.87969589632
3357,346573.3362103102
15088,180643.93496430817
163,270481.6656641132
988,237227.67011417632
5877,290434.7140368888
1683,200545.46757558023
5206,203346.34848215364
11155,177209.63876274644
15339,165719.09301928215
1590,194796.87473476958
11100,262559.7571805006
11216,179570.91557667044
1624,206685.29703573164
6113,217147.6105207796
2181,310036.8989321592
1023,269894.13955610694
8673,143496.8449148012
1646,330913.7195620417
11608,103755.79986703493
5988,167531.77489804
14354,237048.50574369502
6369,93264.6161683642
15936,217142.77944635542
13240,364521.82042254374
3481,166932.80149957567
3479,261338.47268973207
1698,336280.862886948
13154,262299.7875825614
7802,183249.91264942408
9702,181448.67479284428
12895,399463.25187724346
5728,169307.3590464805
10793,183464.12065983063
13529,193957.9363131182
746,220479.32779953256
2610,165970.5899114337
10932,182394.82658097867
15350,281808.91559942364
15692,174584.08012417407
5484,183161.54260105043
15608,198601.3321473839
5253,278690.9295080202
1686,259731.28991300028
10624,372725.69329126476
267,157836.21471494422
3295,317746.65282538015
9481,319323.10847912746
732,283653.0004408476
10022,374792.8164840432
6135,320990.0925014865
7224,235523.37298652972
14887,208566.66683184652
7382,186426.78552099454
3242,128451.09008638636
3106,209067.41930201626
14678,188040.24275068057
6626,217680.36842202273
6576,211412.61233305372
9008,204942.4316513719
2931,265688.0234682071
10023,184098.58952499996
14964,158198.8674587576
796,255648.68563952635
5169,111154.52320652749
1814,147256.46856687355
7372,207045.90954676524
13672,176034.1925644863
4124,203785.13761445892
1095,141893.90635996804
15950,85082.23697107045
817,409707.99913710175
15779,135290.72290969273
11506,231010.9536928006
8689,332788.1128292324
10077,238353.12227641005
10514,228157.88061567827
2198,586119.6654846374
8005,209813.04032246766
625,328842.9680439052
9420,190134.00188570246
10350,213560.54123924926
14494,166620.53167254745
11615,273460.8707616069
93,330128.4202605834
950,210140.4928724194
3325,171266.95632094887
14459,142553.2009517772
16531,197948.49855621727
11228,215947.29828658336
11761,216209.31424606868
12629,234778.7190348059
10339,228099.4102810866
12203,125110.2172572413
16744,276027.1878011198
2786,197774.48664261162
316,106217.75661938442
11424,197207.42522231565
8021,137408.61327633186
12679,391297.37279751553
1871,166263.4336583457
5767,208499.56156160604
4047,320766.5854552349
16235,245532.02278904308
10604,260468.7824999098
1510,231723.28152590094
854,139753.13536433695
1860,188474.04676633212
1593,198963.20826723528
381,182009.3223175227
10375,183512.85636074934
15149,230457.60837083828
11375,204545.58871824268
3912,148748.08000118672
12097,344775.15810023644
16743,220698.16671585242
146,268428.37223553675
5308,125239.21719198888
4125,162197.29345280395
7671,374859.85952228465
12609,103021.24855227357
4353,178010.62469400212
6287,194561.2030801192
2264,285394.77669686003
3457,174970.1346790681
12935,146935.88645693182
8958,185688.07488056747
4532,175707.64948917515
14857,216304.89348586806
11376,202500.43218384794
13713,211597.23204114474
181,240636.41662122577
10858,126373.9398202845
5160,219271.30766891438
6642,188351.33842871644
9312,428444.0409644002
7736,198146.6564089015
4326,259781.71202858962
1802,151229.00959860443
16115,196805.49031502104
16787,307613.9522283449
7107,151085.97692718427
6902,141818.72899563194
8950,322957.4609635314
9922,182468.9147633721
11453,262298.02822752664
10033,186526.6439391107
12131,397479.4835384143
11879,275679.01428160653
8986,148566.2004157229
82,188337.1199376175
7664,177125.72122002303
11116,261731.0055550564
14096,192659.77498768468
11577,221954.95652918663
1908,180926.46605915562
3658,181361.0375737221
6148,180516.6214115916
1324,189501.70027064317
8792,227634.9725762458
5883,396477.5144505466
15245,302119.1059886976
16382,106919.49072356056
2131,205234.32741216727
7581,251794.1661234697
11488,363736.1133886834
6091,269805.27944040304
7295,200764.25035672067
6427,171207.30944765173
4558,72688.12092119594
14436,189930.93592575836
8373,244745.98123369503
917,322054.7214784933
9837,428429.7571452394
5619,131502.92199563532
4530,149249.2504528479
11486,188264.64666775358
8575,175054.43357720616
3540,327571.5617346249
4509,279286.1048335484
4709,165718.91425163168
10148,229442.71116181015
11077,214274.86168549387
609,148040.59745493234
14733,212004.21144148486
10609,147074.45764854286
3616,170084.7189718324
8805,250270.55532973632
13799,224346.5650921987
5886,256280.95441756837
15836,113806.57491846992
11792,148682.82138742393
9404,244870.1306395661
6456,206076.78616107497
2569,125901.62372401988
16727,215360.16805378505
12353,187310.1360917621
9841,231644.72129631147
2725,220579.12015938107
3388,231801.482618463
9476,184344.69408024658
13550,109816.76104972731
11934,221146.6198181743
3375,180066.4762734965
2932,294333.6162003833
9972,211124.8604011992
876,175898.86000079365
13649,206644.3901854293
13444,328861.0819853835
12748,230686.79649278376
2003,194944.96790678095
2376,244750.20769714273
15961,187129.98473500847
1221,255814.14959899645
7064,258357.56784708655
7799,164399.12037385008
4549,455834.0327050963
11061,185573.83242878798
2132,386444.00905435794
10692,189474.7653259246
14546,333442.61350738094
11088,190083.73269391037
4819,255997.4254829335
13682,129706.84873432708
7127,427561.72598108766
6245,161512.1424548611
10845,158133.59413282937
3285,120963.38757053604
11384,206091.36477597375
10897,177912.1717391383
8533,119279.58902444327
15341,254842.1689731932
3821,156707.90729317555
14130,160217.2339804227
4306,384767.8998424528
113,179359.53952383704
14997,184894.46424839259
1482,203201.58564851034
14780,355048.0877613245
997,225284.05586549602
7991,191418.38129844636
15592,167164.29144191323
11143,204346.31476808368
12472,184329.70196755265
13991,316090.818142663
13399,323583.55893015466
2588,332444.08912860154
14274,399672.1552268886
11491,367899.54352887505
4755,180883.20957252436
7939,160278.12992379064
1779,179649.7188596528
11924,158356.7941699601
12713,218174.14509394707
12486,398089.4965344381
13149,269660.79934709973
4847,212560.47680692203
7638,346522.2424083115
15228,314410.27198417846
10069,209008.09070711792
2219,316343.33695260773
956,310355.51696443575
13680,133098.46540949354
106,182912.63977288824
13101,101656.52610928137
7540,277355.3986873553
16138,402751.7715903876
4890,301935.89678327483
13752,249425.48654921463
14622,184059.53397330633
7871,180734.401472176
3957,244297.40436647338
9987,235214.16467566567
8884,185267.45792052
11715,285282.2774171076
10612,208998.2526638569
12945,204732.23866002166
5034,183620.96020144995
4463,316632.80611569335
3476,195024.74842245053
4846,240869.40525125863
2372,215746.020694695
2873,207607.61341687443
512,196496.43890039207
16198,191695.21075394485
9155,375769.48998991586
16464,109113.28062117295
6904,179938.80206316803
3151,186061.4786598207
1816,154090.62430982068
16214,290743.15464695054
6264,342372.8997925177
254,198339.2682534467
5848,145609.07262730369
4357,157177.75329125902
14265,152183.6456316479
12235,187225.16055306993
11342,109816.54125851601
6679,202685.50639114258
5377,215683.71329452496
7636,154092.25658371058
12798,161377.2929999374
16349,233477.13685674407
3028,134757.2813929637
12810,301831.4390547051
15064,150130.13391276737
13801,113246.97035552183
13387,236593.56581908828
371,203944.65264011335
1161,135338.20152453898
14593,168498.69849327314
12144,178407.5778292242
5555,437834.3714286485
13493,163243.78253592202
11130,261198.26656792688
8658,149393.18288480723
6491,216530.84167063874
303,183512.4381919764
1897,212010.41383465048
9583,105416.37933121443
4515,162814.52818591177
1411,187368.46235262547
8534,121158.77345952745
7227,256864.08357252128
13478,171113.4238301817
7546,316532.81138619303
2798,108533.87499299897
10267,400405.5263166991
4519,136195.88347739322
12184,202065.09214501843
1895,303494.534109783
13019,337752.76014689094
8845,255473.23804371434
1929,308517.095276798
1966,137129.45040087914
5268,90181.60304030938
11402,151512.67083969415
13503,183858.55805503068
14413,162357.5342798713
15419,143659.77386229506
11573,157548.1743567265
270,151738.24140185126
9733,177514.1921245433
2729,212070.9630607687
10123,267643.2807321008
9331,235716.73257717254
4342,129381.07448126558
4248,310085.5343642286
446,180747.9325579288
6677,185017.25730821773
8324,243175.9521233022
9666,413906.67977450567
7303,159313.21414265237
2710,306487.2609472669
3334,181729.77260116226
11464,327491.8737952574
12220,321235.2015548749
14064,180553.8214229876
14350,181708.20033259477
2858,238082.19685524105
13014,342219.26345053146
13732,172307.69210067487
3371,314948.8249961904
5912,248157.16275510992
5881,178712.2535221862
6199,281070.5667508313
7344,176959.83025784948
6180,185905.39101132468
3343,221907.3365200951
12103,191457.65495205246
5177,171201.24015413917
7000,199081.86302462497
3990,204985.59968759783
11689,128666.18572488887
5624,185649.7797357849
7497,88425.36349652994
618,147722.3885609796
6909,211173.62019493175
3346,156765.11207202182
12521,171212.76344451937
11871,380985.86613412487
10610,183059.7433809199
14869,148981.08490098597
2268,131260.0229659959
12058,149031.69173109482
12426,183490.92812085207
10662,134729.09443285767
12512,130132.11339200447
14852,196686.41591933384
10876,155570.05460558814
7720,173305.11003610402
4334,68245.56756874915
12275,349650.68518475036
12228,474093.09138208115
3715,206931.24322018464
9534,244439.10040533255
2333,155972.48909231587
15628,157775.12625272007
5043,181086.68179507577
16704,420692.87239809625
2891,236466.13828575332
14478,173777.96119510807
4429,174208.98741738926
5929,136826.1857013836
1845,157095.94455436902
3001,161038.8374254345
6741,137749.6046915451
2202,142963.40087711767
15490,183146.5789861236
3752,221112.05329667003
4620,207817.25237582752
12795,160203.74786720335
2662,126277.73298617275
12845,190380.92706344672
5604,227831.04643903038
4861,190608.99055410837
8100,273275.12196390313
15990,198579.99069548052
6561,136101.84051904522
14107,128011.09400745101
6274,116226.83861133583
4428,120127.7037811126
3184,206057.43218681726
9247,254310.15176642963
15016,181855.6451211825
6009,193117.77501453314
3190,188544.01360726342
3386,140058.05950391563
11984,192288.8164154325
16215,171385.82534591705
5506,248549.62660364324
10016,200180.44791445718
15394,309551.4898432495
15724,332473.9332981851
9409,152352.4453761989
12634,182915.3407955321
14316,233688.49547446356
8675,184578.73267540455
15231,164077.45332487734
3236,173103.57791391364
10087,203446.35428027663
5018,171933.0789611961
2728,129938.92750880109
8092,185568.33144255483
10698,218016.80552135638
5859,158060.26494846866
4198,86134.00086457416
861,182206.85259108187
7990,387672.3953497492
4009,199717.02252302854
10964,154818.00524680165
2114,275341.96389130014
1139,184548.98066632292
13921,176203.60122027673
15030,109636.16745127477
2122,127235.61022559805
1602,243760.597284088
15032,419782.49526937376
5694,115904.39842255593
14026,235341.6857329292
1132,188372.04417814602
15469,319318.03162805986
10223,196169.68480701334
3303,289826.0084078297
12655,220962.82162164108
16151,144067.55352836914
14649,175989.88333691648
9533,169968.8342490501
2229,161099.3900349267
7652,272356.9402420947
14523,211977.77208301274
12991,191164.24093679973
4539,178886.63715058792
395,158639.88392511904
4853,272184.9186530847
12082,175174.62067254804
1406,268856.1093437851
7788,187011.40574355292
2143,142340.43452249342
11089,126523.74465551799
16693,166440.90117323794
14701,148472.22853964937
13689,189839.0837750822
4262,219938.06980023358
1046,208873.01124558004
12001,369787.30779934867
10729,181101.09519442805
11822,288733.93737045786
9132,311522.648152954
14150,209828.48948474883
15217,176778.28315296327
4752,179772.2090101479
5875,169545.20353651955
7873,260822.0109224061
16046,156685.351321881
321,227883.51651429228
15077,283406.94282709516
9148,274263.4939105453
10272,254100.46151541185
9490,176518.14161746952
5856,190448.3085400905
2436,162702.4356871429
526,212304.63685293114
9067,125237.52050382557
1166,348811.68768126314
13029,215960.95639634613
8264,342130.24003831105
13499,328598.9326489941
14681,210615.37329622926
10625,341591.1929596226
13668,260387.2013888069
4126,259911.80071358045
1527,169576.2725067483
12829,210992.08186825094
6074,109861.45796963313
16629,176718.33189681836
3231,330767.76137580647
6218,141561.50628707514
15050,232069.7138116507
16053,511129.28825296677
16745,156500.33811585308
11336,69999.06936735159
1318,216857.87156685468
7424,155437.32790184647
8102,164983.7044382434
5468,170418.25208325754
9942,307456.2614000898
1001,201074.99242760797
6010,245419.60897540316
7766,186907.89567868598
10266,211685.9146336221
3139,376656.17339599505
4759,197813.79654765353
6760,246569.06403906352
5682,267500.21621638513
1648,241897.9595864492
10363,174188.58803313228
7551,132906.25648087665
12901,142576.03629261476
7938,233702.87020580363
15709,434257.220501955
9663,181548.39028804953
14868,214016.69281602296
7617,307522.90427723614
5755,360423.9341294537
11519,436442.7465041931
6954,171950.55615091164
7463,338969.42729180714
138,229959.92113372387
1499,229670.6250606554
14579,174634.12207750182
30,167351.89107951883
6991,267947.47813637153
16283,180189.7455826883
15305,429552.7496808398
12736,271844.1880571781
1506,449896.57516994595
4302,164297.68483872068
8170,231839.69714585517
14230,202860.99724879465
14438,283699.2848995699
15974,167563.29114538542
3263,194587.38101452403
11227,167964.53191134776
9355,126857.82041704038
326,171347.9863642787
13155,157610.57180040778
13238,335877.68092600285
2785,314845.88788531837
7047,194519.30500741617
4222,245895.5889864481
14734,110304.86737928368
4224,129248.95532376858
11259,141639.39185643653
6174,127083.07316398348
14057,168333.86537864778
5181,178461.48480433758
5926,245703.11924091863
193,197754.29929228165
12528,158841.61705529378
5128,384813.3620415918
13462,216812.44545519765
5845,148300.19967462707
6872,235844.65009866672
8821,221298.78293583632
5106,174836.58027996926
8164,275870.4072754958
5679,238367.78208515033
2985,183541.04149333257
2106,201717.03239920878
12494,346313.45581396425
15150,179532.13549075165
187,204031.94487895884
15095,216323.36979128234
15289,161177.7205387462
497,185148.0999150115
10048,150326.9969015528
15012,146134.84448186855
11229,189136.2381104998
15927,181413.04546443428
12092,165650.18347377056
11174,217977.6733003122
13967,180797.99798842546
6693,195519.32537069148
92,277846.9495235947
13961,132199.58436600986
16220,390532.63044782
13333,225906.97133224524
7730,174586.93718278958
15250,139013.6564640886
16392,203002.79532149583
14544,182209.30012256614
7261,197955.22980116366
16105,197256.84509342123
2984,144594.94278832185
3162,233605.1086228736
2260,167211.22515243085
7004,300856.70881323615
452,190798.8287084132
7828,300042.4861783662
626,202977.07510021905
4583,244120.10679148167
3725,114456.27318799442
5894,203990.03192390132
3316,203747.89126262884
6887,170773.35100548898
2492,266516.29685066064
9133,202706.44215311695
15655,254254.0876817324
12639,216745.56016551133
3848,128061.46613842077
11820,234404.6844097089
15254,203181.86029780176
10750,85399.1439604948
1156,326373.7645292203
2910,186094.02857031592
8591,272347.57906659803
14247,220382.13969646554
1425,141820.4351604997
16660,176736.46565752866
1837,194982.63596220315
6461,178825.71156303256
2580,196150.82390670408
1052,144653.32469594598
577,244337.35089503948
2825,263757.0500917933
2746,404312.6759245944
2291,365865.4605981796
10962,266512.95657633274
8547,220664.3460371103
10019,194496.56500114023
756,347788.5336851685
1709,362302.5763272457
9076,307483.7877780318
3211,190745.720045598
2535,165482.75773435415
10943,330305.8507396745
4830,162219.33397082868
9928,144939.2616179727
16143,210689.11651544407
16784,223951.44556249576
16434,241788.3128052895
436,169640.1485425799
1226,277626.2655888146
1259,356604.83805751684
15299,111623.61745087065
4343,153064.07709831142
14661,180213.02706170297
1988,204751.50567758048
10173,193901.30494563974
11746,189740.78294652433
8412,179964.61414695362
9281,153165.88553349188
6246,191131.50717010465
5440,188381.38342350218
15301,211305.85416551097
1223,221823.079888488
2714,267844.7626987724
3077,98273.87335575373
5549,204411.03858574934
16626,281065.4190111257
382,168711.1619839833
5635,71961.72373227596
186,239308.84065903063
4839,126353.13175575853
433,243348.18456531168
7210,111386.51363665555
15243,266127.0495195965
9993,241075.82997699815
7529,111532.54198405315
14506,160934.06474753108
5807,179065.13750607386
2373,251272.39751503043
13618,85016.04052883566
9908,167776.51658218738
5404,210737.76604437892
11023,181712.34246281226
9678,200670.57384859203
6160,206481.8633770277
4181,143022.05691608973
4230,192049.78822604482
13858,137769.57966461283
15871,332398.8705841043
7564,393810.9355342234
14463,423909.7330667773
15115,222603.17034671886
7533,122083.81763006479
9862,164099.1598791904
5708,352591.82751534536
272,213524.4511482016
4612,208425.82070939292
13336,194101.03506562006
13944,192345.53999300167
3517,229805.84126954305
422,275479.03151017317
12769,149353.75739216877
16079,261185.02705769113
4398,203108.10990687888
8250,110372.45891193677
8900,213915.15403259068
10819,201167.63293454848
10551,154743.715827623
3418,335279.3496590725
3889,163135.27891958653
1186,198072.20021598012
15227,412245.24241954816
13432,453369.064972103
10654,328438.40620206576
7306,168217.30081519752
16325,244045.6023112098
7510,257417.2148339001
7237,132257.75112219155
11812,353616.36671201116
7823,171096.43381924936
10691,243611.1259923596
12699,69820.05366540283
914,198363.71371868608
12160,202729.7384014978
4600,229841.61709028753
5649,162722.80212895948
4896,197871.49877770548
800,219840.94614458818
10111,192856.50073506348
3690,189484.82752321885
10150,368599.79320814734
8099,144714.61773352989
9526,200862.127970194
7301,391536.3402977753
655,110201.05819547773
6187,385357.97181599675
839,255814.98473752578
10505,163940.82985911387
3830,115432.3822246404
11301,159697.09414941893
11895,189784.987754371
3102,120958.3721486428
12351,126656.80442584211
15378,425824.18334159383
9593,273279.9528755786
5302,149816.64054472488
7585,377471.3381490407
6785,192604.3814666138
3611,238056.43855954995
15888,142089.848317507
13152,220200.00989177765
6208,210846.24296069838
13734,150604.4378980278
9212,342352.3613335814
6098,247978.25872865596
12314,227497.55945801552
8848,211431.0765237005
8951,160203.99307846304
13572,203246.82014238444
15907,299932.5718437888
12325,217680.36842202273
14000,324379.6335965014
9515,162583.5378848624
4514,302668.61789509916
11968,403732.9693318577
12452,198419.16856465267
2163,258243.5104497261
14538,188693.77664842102
11324,190542.59720197826
10441,163182.82291985708
1952,176195.08422979224
11680,171103.52226511014
16190,284436.7367060614
7649,147854.55935248517
5839,120055.94316756907
4659,179275.91661676991
2273,359585.8876499899
1829,149166.7314884894
3776,251266.5858568404
6607,148588.42511225582
10395,132354.60434505742
10667,339173.6267960905
10950,229979.51607504752
6339,170048.0347337982
12038,279553.0189039709
16128,181279.15821790625
9406,280338.12139678356
13386,174410.9095482974
13063,225878.55604111866
7319,153331.84394438102
11475,143995.67308699124
4109,169114.75411136905
466,173266.27351461726
7169,130102.77855972022
450,194371.33718631841
509,269096.52656851773
14114,217070.39784384682
10865,154489.71014185643
3497,194478.89398963682
9089,205045.85859739484
13675,189526.77546751805
6672,213889.70019529146
5464,239159.50061408553
16267,195683.0303318869
6372,378781.3497731915
4499,243405.65323546718
16547,192200.44605441848
11454,342995.55254693085
16645,379113.5508230475
9569,193864.08939234432
3279,255203.02694342632
12042,206073.00696073275
2547,190915.49976301767
16013,243143.41086620314
12929,203117.51798071916
12343,247419.7635378651
10359,200436.0389972104
12543,185995.45610971513
14928,475682.98114304774
11319,204772.6089082835
14724,210885.01889123025
2850,213526.34662172836
10775,327492.866959925
8462,194818.70916230054
4724,226364.59809741806
6723,180172.72735298146
14180,234539.39824586007
5593,433320.10257929534
9151,382590.3054307611
8697,473786.1253357722
10758,449023.48668330634
4276,231535.1340838499
13655,328243.22281464445
13674,232430.7537113194
10057,131467.33197925566
10732,164484.8745057065
160,158631.15837320485
7451,186794.18470365452
3512,306824.07544974337
3925,170593.0151271541
14897,151861.5724213336
15963,198766.60799637067
13805,92039.73696598764
6894,121730.26354044535
14327,169759.65321370997
11838,161188.67425311203
12255,170866.7190107543
6587,176756.99506320414
6923,161173.59148085627
8885,147409.48577448842
10486,126784.082951115
4722,419101.77387224376
14740,218770.81381866537
4754,160643.66683748318
8674,199463.27479760832
13252,183171.0261673913
1905,168692.78118601718
8585,197002.03654698536
11503,189927.94844529536
8979,210213.78273248897
3879,293543.7816817519
5165,194539.5868544269
4200,187030.34004475427
15206,149366.03501022756
927,175573.34313626934
13132,175465.669604341
8640,265615.8908766149
14157,195565.1227619688
2991,462717.0020378538
15401,222823.593305279
16356,188431.3889510463
10857,112536.57171016764
5651,162821.80734899497
14405,206383.49521067698
9176,252087.38707064567
16326,154755.8800379496
10397,196738.89685858472
14371,183966.25110205467
10577,137399.4289700965
10605,227714.66011996125
8441,184863.70770527865
9546,107194.22688846402
15433,249525.2519042135
14106,182189.79433946335
13791,191722.22893023363
123,235366.5431523599
6786,184585.88179703016
4618,138289.78277443547
6750,174935.50951451805
2188,165375.6077213106
4729,202592.20738541693
11082,147242.10777827437
947,291903.5523855342
1066,180956.31479614586
13916,302575.31044901465
13134,320340.36560919514
15755,162127.56955508015
14683,252240.45379249298
5590,178957.58496543713
11704,296870.34815648495
11544,188309.3718606465
9457,160402.92582778336
336,238868.91339877405
8667,337976.88588674733
9989,414597.7122407528
3786,86940.61645531896
1467,394653.87042071077
15239,244173.16072851158
6380,259407.98893641986
15200,335181.96082964336
10378,311654.5962176507
9867,210880.55583954192
12443,240207.05402891152
15298,322028.74758309295
9136,190347.4623385834
6713,301140.2073725434
15472,211855.1321242216
4064,195629.63997501356
13576,261034.030446322
10634,320204.9704221665
13257,119972.46820414184
14535,266661.10662449675
13262,401155.0341292543
13852,122061.49580891721
3238,185142.55674575266
2029,234563.301739198
1542,244561.1678541609
5796,180690.7222133692
6273,209392.05772153084
8207,88772.64295884158
13913,176994.60612494405
14113,111402.42502321977
11094,165657.13612047356
3598,416829.48300479166
11881,173181.60445372868
4186,302701.61994283827
105,312933.06257881667
12712,216995.13101358595
10699,204421.0992866135
1522,128492.85420312408
6406,183712.7158658926
2600,252498.59874225373
12800,220935.92146199514
14794,154965.6854981334
832,166532.64816325268
11005,206360.44285618598
1329,239630.12912427192
9621,118467.66813980656
3543,215201.20633454862
1234,206229.42264414922
14715,350788.96690797387
13218,200930.56018729543
12522,113239.7653027952
15168,222904.35857459635
3344,166492.90974302357
7989,168224.73846762374
13592,291467.93602587277
2349,96495.75879332836
87,72227.90616439207
3648,176568.4366969032
15383,181053.59756330826
4245,141692.69861473935
3037,313213.70725121384
4963,239110.6718650772
12513,198364.36242283153
11906,325051.61131404724
6321,222757.12096703734
15889,195969.5368747981
16390,231476.10537514684
11080,239139.72827918295
4201,120915.58313389587
3696,197427.61322430312
15188,351203.05883988703
1475,306852.25155754364
15248,425165.3503457731
5836,195391.27508871976
621,315080.7923946985
15618,125211.90827055342
11070,435690.6202446412
5126,283391.0707890042
3191,272382.255758768
4786,230974.86043356665
6620,262695.8433848663
9169,182660.38846364658
15908,214094.12953396293
5512,135824.0069269498
16496,191215.0721249596
4052,357218.71163044334
1158,186205.8802616563
5860,162202.88656317006
907,179927.5566195474
10880,290193.3496748846
2406,351236.854564328
16135,199467.41333631324
16655,224995.16644270933
15009,143256.71458301018
9075,153309.2999872778
15211,238341.3746474645
11972,177671.10674046454
7343,148233.29272230042
10693,247192.06017120823
16611,153526.8036998675
11189,128044.55791163605
14873,214047.9774314108
2863,220123.88452194096
1616,121127.3238213911
6932,114365.65258630886
10136,138567.2525784035
430,185076.83936145387
2978,205506.63455855913
9667,162035.8499729591
1215,130449.14775957348
8651,146006.41513188567
11529,144026.8599590798
14115,182474.64441999077
13842,109162.03881358347
12668,182567.15166532205
11298,194959.23630403023
14801,194674.67598729263
12346,301203.18984976376
7741,177494.21884082563
9160,157827.76645658107
4285,218596.641454086
1738,241407.7888618238
16527,200068.20143107188
11797,87670.12448857859
11537,136025.2868655566
11661,149891.9262766636
16296,283970.17393945093
9835,181954.3292349396
11551,180459.3977242382
7868,473200.7704472643
6828,149629.33014992735
4870,158383.78873544556
14037,190953.25195761706
10255,263217.6563708244
13980,145217.48588619678
12720,183742.38528409082
4391,133749.59103010732
15559,165367.5691362631
11971,304927.05817537004
1294,200343.77535576024
4639,218384.42583752793
10815,236127.62966275602
12270,266039.1050412374
9322,285777.58556816133
14633,140922.98910986978
3733,187994.15043060677
9311,159637.53037430116
14855,274097.8692708286
13819,153478.03359494283
912,338336.95119717764
13565,147935.47593556202
5546,217779.01298054325
14337,247311.60832525714
5902,171222.4993870419
3939,214359.22740378923
12958,181899.4188350921
6810,171795.3150579611
6464,342520.43095049786
15753,245188.06278692558
8295,204639.13476659608
4190,141783.43181744197
13160,196648.34194771628
11609,290765.61251935514
6477,152595.53663267306
7833,181525.18967718407
8088,240464.74068333674
7090,210768.9432416328
4818,209620.09504478646
3010,281972.06658479455
2954,263080.36020130734
16552,178690.59263499183
563,202517.6920059573
13208,266925.41939271335
12886,131578.3606107183
9235,146815.40986914048
2397,254424.57249069383
3059,273675.13281996676
8245,187062.43004761316
11636,206275.09879853818
694,236348.25046025895
7222,177143.432142664
13986,319289.1551319323
6083,101443.88449851931
9782,170555.7227828108
13060,266313.59346589516
6144,296058.2066470317
15637,208400.2467266183
987,415675.2927982333
10696,300220.6727695252
5319,139055.42663864617
16119,252709.9557681267
8198,142916.8969855641
14721,220732.29514779945
4704,226565.51424269308
8806,303057.97188590484
14764,143486.92973996705
14233,128043.32942749263
14252,265107.6387675722
9139,121434.51402851626
9297,286045.0185555124
8288,258081.04369531904
4879,327940.3533955367
6384,194541.38183742057
7438,189747.861656955
116,241631.3893995937
364,162512.88784311616
2690,155075.23292232805
2193,386563.72029773216
1228,189457.78998621524
7607,224186.85082216037
6378,152944.6784326112
16520,207422.80813771355
7737,236439.72841139554
15652,139050.37400007757
15578,153283.11125636465
10823,128763.7410892813
11027,119249.42168352606
7076,178486.66340911575
6451,243076.16702577716
15589,192422.41367748057
9532,162443.86111198796
4148,222019.49113051232
1222,347040.4175388615
8066,198005.5874081232
2227,153478.79716671302
8814,308606.1583447662
7121,181736.45980954182
8265,118757.71686962528
2848,181673.82396035906
7971,167583.39740277527
15812,253570.3020017903
2238,199782.28876135405
11569,214512.70084706284
13631,154633.4880311699
13209,190163.00563668038
5448,202580.8357113181
5974,352590.02557838766
10379,176760.6653156759
13829,177608.42596387106
7552,465400.83337590046
11205,177218.69406199214
12787,176506.74508723553
12773,431688.5298516723
1501,287688.96452586015
3650,197842.83458374787
14850,188488.19699496363
8174,120135.04162448035
5565,191073.43310176063
11832,172974.1357034437
15866,154499.51785730073
8742,102912.23928604956
5271,160488.70882878682
11697,251539.00211537958
13516,177889.52048621382
6408,212124.08253849772
15545,210516.67876943923
11148,121410.47627421314
1585,252814.9406493029
4609,176136.38778203473
3174,392512.4334809821
13784,249919.7599915046
7889,116354.33610233021
9385,282526.36446455284
4058,357507.2887801129
6783,195627.41296347155
14676,144023.88702054674
3284,162205.97883041206
4988,164728.72774328428
13369,180934.8595801889
10107,289070.83641775785
11456,172422.98011324086
5837,403802.8359976269
2637,174986.16718289733
10785,400343.1569506714
109,336440.91937306145
5968,70641.19700641926
976,168247.6705317133
882,143663.82884933977
624,150612.73639925508
11904,320297.0524965657
15314,119250.7559378859
6579,99669.39827592531
9199,160392.85692138135
12611,137853.36594929415
2898,221984.07856308483
8461,214372.80391120815
15020,202068.68869268656
5652,120430.03399433065
14262,205069.33375919264
10156,337325.5260068058
4461,170794.6615712757
16666,290037.67934228753
15818,180200.11668129676
4940,220264.82868131937
9403,178634.59789879236
13638,324498.7288360849
6918,207078.03975108542
16307,218806.4635900597
4133,141206.41469129737
12316,423140.9651766855
1655,334776.1510944459
9398,207582.338227439
4271,261038.43923190015
7584,267161.6843912715
16502,449285.01445003075
7732,181900.74565112812
14812,320921.37875728693
5083,245863.74279353744
4385,271297.93325135997
4024,182597.6004271131
5925,120159.8976187605
5603,275996.0956067706
9172,240657.97485805664
9485,241042.11207400396
337,178897.82360907568
9767,173113.8110809489
8228,212082.19952778274
14346,179074.66485961908
8946,175156.20143525634
11285,304293.3032555683
10588,331561.0474024719
16737,197430.99896959646
2262,294752.8599233596
12102,206565.07037006808
9851,156502.67696032184
941,235770.45591104447
10571,280710.68351105746
11487,259117.8671533376
12137,426090.9893865423
10549,137562.70190730668
11359,136189.71871030607
7724,168702.0361883031
6877,121309.18444772276
12946,128093.10611707192
10555,320899.1536016237
2733,130541.71094069604
734,186044.16400371265
4572,150615.93310153694
9888,342707.7015201056
5547,256161.18706061487
9473,136693.1001721489
10427,272893.1445948413
12081,227892.69119545768
10888,357311.17708112096
4834,205638.36464822476
7141,139896.5504576634
3282,154989.7569124554
10028,389686.83875331684
13941,156097.22689777036
3897,135778.4944975041
3838,154722.33912303823
15315,127667.19410787303
4623,321501.78860348975
1119,211286.41942208514
6031,195685.29874728926
8516,129206.85297020547
9415,161386.9572501163
10798,104908.39630694228
13666,126891.5633149961
11068,322032.89306191
1489,153205.99014338007
9467,270330.13649117714
1946,280263.7035643901
6511,148722.92439327866
306,184283.95046387584
2837,338798.6301680357
9949,175071.21100719567
12571,261399.31464364857
9991,221212.95309228043
10974,191112.74725876388
5102,245428.64140022133
15565,142798.07632524677
8320,189232.6770070095
4205,231705.82421129022
14341,186983.00167803295
12738,317461.6220407954
7959,106667.02520551547
15526,330076.4014975746
9391,202524.90153905647
13904,144824.29231605376
5423,151352.90890190259
7852,173496.5170644481
16525,82097.8392685975
3823,258510.8840918836
1858,173505.23384737913
8638,436167.88643190765
5777,184604.09283352466
10277,170852.9207856538
8002,239706.36953340415
11877,202565.04231199666
3964,197614.9646747253
16783,297584.34361358976
9896,194476.5011849527
1733,163630.92125429015
12470,265566.0277444757
12569,297027.2976066298
744,165308.6443949941
13608,200966.7382736995
3980,218842.9000848279
13468,160733.13289782128
15482,297176.92769300577
4135,143272.41040785375
8982,486771.7103382054
1928,201942.0079623479
12408,179184.1739496235
2316,71746.92709758267
3340,170982.27541831692
7512,118678.57245175523
10170,222588.82170518802
2558,140654.62665270377
16236,167854.55037913827
9115,91917.88627331525
11183,402228.14359510096
6603,271995.54937507433
8548,398038.880757054
13883,190415.01742672586
10766,281116.56925253983
9575,283983.44442190684
12048,174648.2066420072
928,208041.64688756448
3068,233587.31091387145
7603,180445.6012979058
12725,171798.77911578876
14089,165859.1475927093
13055,186227.79545059064
16602,170697.03910651954
2797,264891.7277524125
7467,112003.71970686194
651,183690.65735774205
16374,179356.1332045344
16544,157545.80219489866
3098,174850.05001984214
3015,188189.99720298627
13224,197225.27279623688
11299,198415.09134283234
14583,126057.3773127594
4033,146084.42522402236
12076,237704.92784320313
15017,171534.14996049498
13881,264288.17576717725
13000,181402.07405919404
676,213549.3410265313
6331,408870.7969651363
7681,245261.281732051
1435,288186.84866628016
2966,228943.4234692739
5825,292310.34154881205
5422,418292.5401475841
1663,183378.68656991172
15561,151164.23759882708
10062,258444.77552584856
6476,165582.66339141122
1957,185149.7355659181
10795,181097.4060375148
16197,112985.12008457942
14421,219474.91399735014
12994,187860.47497148626
3493,181458.2519809173
11545,159555.9331775356
6726,137823.95393154892
9513,188798.0368190264
12556,124230.740777848
9553,165538.01881913596
3734,350701.73676829785
3109,230532.2979388645
16319,193537.8783137543
5959,212594.9985807671
6683,236026.57064920987
9438,153195.66534118235
15857,266182.14434386906
2421,250873.71414410628
11540,211285.20418682336
264,209497.82326226
16561,233199.30416054802
12288,268289.2993736882
9570,198885.02105406395
5936,157755.9160629873
11390,126326.5838296854
6551,220492.00578177598
3946,211505.4936598181
7746,209252.02256133567
2838,125891.81271560318
2472,208569.13142304606
3520,181464.53373036848
1341,326433.6582338748
3910,298449.81667855126
5208,144546.7744913925
12599,194670.4563820572
2475,253259.40000567143
10966,180873.20053421578
5910,232475.8119044852
11910,211996.50719269138
16221,101729.785564096
10591,163423.63326682692
3744,202349.21884511813
6618,376309.4357433604
8676,417676.4747192949
11193,196419.31201738137
12659,239376.95403884508
14101,185573.1269937691
14483,171013.8165282879
8107,262054.2919040671
10681,173522.59766884084
10126,205397.4022445588
4527,219661.35082538755
16537,217376.89333116516
15403,209357.29128677628
11124,322811.7511405648
7468,154852.36650247267
3172,177411.65150586632
15847,171158.58902144188
8211,477203.8368003272
9459,248396.7002129988
5903,280116.22759987955
7232,149743.9430483796
3180,194829.54483823327
7147,340150.96330929245
10105,161413.78804188117
7338,117514.39807195973
2446,233552.6751002137
6466,126889.82858130237
5782,139152.24091162853
6526,111766.20998877348
14982,225580.9725218475
14639,282610.60363868135
16052,216453.99316001128
12587,167674.856901881
13192,72825.75125629388
9342,298372.4052513525
6052,136679.62719214585
7987,169356.43280612602
12165,266774.854866565
15151,396965.43676155934
16728,177244.06614247125
12735,217476.21414858906
939,172718.72298754897
10983,172493.8532134131
1385,144561.55461948802
1892,180629.73754755256
8352,159362.65306960794
79,175799.2239210591
7171,180890.08528846435
6194,215440.2307617976
6973,171417.7649101675
13786,177952.85860433307
2578,294985.16636217595
11344,176935.4832451461
14536,242629.0340925657
13518,192177.94369505733
15855,339856.9194636979
4387,225264.5487565055
1596,247295.41062474056
4699,389737.42433731153
4559,394960.8112142275
6613,222861.3332017026
7489,139663.678883619
2127,194936.7040440201
16668,445857.1498352292
5919,101417.30390823833
7696,138298.20139288728
12287,268095.37951955205
1053,237866.49553907517
7924,253084.35349698295
16365,269611.4810027819
13988,408015.3466507679
7415,225487.46666787055
6661,158802.97085864
14496,183233.48784261945
15112,176761.789219697
16444,164465.56385297616
8992,239812.53132406395
11054,370543.6708184596
3570,142576.8409238303
11016,70648.047301029
10455,146604.4651435929
10478,215578.80525234103
7751,181663.15955620003
7913,384755.8521645768
4883,195584.8642308823
12728,384307.63685591886
11482,197716.75642930213
12561,151406.83709136344
2207,252408.42123104536
11946,149951.38961539153
10552,259678.94022138487
14673,143997.78990620456
6914,194908.81200844888
15988,148902.46234713006
3878,178701.6508775109
13937,184118.15796915
11208,208378.08181249467
3466,112164.03995665748
2799,177860.77585253704
13802,248149.69788272795
15790,138514.36224586633
845,308035.1914041963
13261,208118.38266639767
9986,201965.45376334354
4771,282002.80826208426
11763,320055.4520411649
13249,488709.2121475692
15982,237184.02804803586
5295,148875.47620038426
2828,258453.4835268288
12717,200271.18803386725
14541,147482.03076127908
12898,149323.81622839716
15190,377515.02508799755
13553,279637.79139728507
11589,207415.26321564722
13168,198547.2392475939
14224,197869.71611762038
11844,228582.3679952476
14578,138563.2516094338
6770,250083.8537030467
1003,131896.26343506857
6716,159170.4952193642
6204,332766.6703577289
10213,281785.5107251231
2961,206749.39543569554
14134,183217.3675130136
9134,176944.3694305383
9906,316413.4897823224
12114,207258.6104727901
12706,175409.8055247474
192,226445.63677803677
11022,235743.53021841333
14712,328453.6456410794
2659,449641.72696793725
7602,203102.07530689434
3009,133473.9633549197
4533,481471.6833578333
5620,182155.7541357389
12312,156727.38970919902
10896,174146.39407591734
7532,144624.5405175746
5696,414628.3194872328
10743,391751.08645673265
16708,173801.472165332
5430,181200.5697925961
4362,185251.81467685438
15599,178380.43516016868
8197,134782.13323526055
8502,100149.19694170968
554,112024.31819646512
16301,184011.16316947484
6206,392132.3972209473
10523,201620.31092829022
7221,194882.10786147884
5906,169162.58135514162
6724,182262.37677539114
9167,217755.79733553954
10380,222511.65285360996
6209,151359.32618272526
14298,128306.31502744847
6854,182603.33829974645
15218,164504.80958730978
5081,177316.7888501421
14572,218154.06404336897
7743,213777.10504793984
11071,236771.3270666726
10673,153329.91255381785
16276,277101.66185994673
2840,194509.51072753448
14414,417684.7381166324
15739,308298.1295740399
4743,170533.48125205952
3156,348969.1061065
14879,180244.8962924639
758,129508.43794972144
14304,182443.86333615668
1210,337254.9189217023
1137,178994.16197293403
6026,196297.2748942338
841,142905.84112082428
3993,164962.61809596783
16554,311094.79980466823
27,154970.36656813513
13015,203111.3885486854
9428,161891.989625535
6885,181291.34381722717
2410,178189.275006584
743,278410.69889387867
9361,322129.98788628884
14016,190718.9489996141
5040,355861.2553490731
14255,157653.15409401382
291,220135.2201092512
3937,196088.20515872154
13374,252273.95990116306
14948,218788.265498886
37,112102.2422779616
8226,284096.3385168237
9547,144163.24930990563
1000,273553.83841728367
12406,157747.80098911843
8314,227566.002548081
960,139648.1230102316
31,218223.7632895179
5905,132629.70257615586
15833,406370.748495906
8146,250865.35596184578
16718,120778.57782785561
2231,196376.14813685187
11286,196859.2884262529
8275,148960.8782203558
16706,485613.12610527495
6594,111206.50279602842
15521,281286.70661686483
1131,225662.15823908112
9595,170760.93107800835
8354,245823.6901707026
15777,113618.07203802418
2330,294313.11956153257
13382,298170.4090190583
16721,86003.89454102318
11393,164318.5464845986
7009,198229.04786323986
1474,167288.05575172103
5816,180624.90788668775
16032,200494.6735082275
3422,320174.29340065544
7231,165906.9509380589
1565,166045.07107671667
10574,134865.16037934096
1107,167877.47984212654
1458,182137.52881418448
12716,487581.7303009289
14039,171933.5880746388
7099,274359.3469166829
4498,275467.75409722386
16394,107223.1026167782
8760,160275.76624708725
5016,148406.70243551256
1097,77692.9130622309
5433,176932.54632955382
7847,198752.21428016818
2903,388389.2824526932
15929,223741.84599402972
9066,398183.27376583824
16152,245951.72527729542
12383,279650.58672296384
7591,255516.1616331443
15435,97596.84530663036
1556,276305.731990082
10644,236631.225413681
5333,181280.13102726237
4266,215595.44489114004
7946,254731.9117742709
15594,191092.62412593386
12127,215712.71214338447
7697,461187.34119833686
10020,179342.52262533584
8999,229912.33177616412
15708,174062.57080904034
510,221081.5489804512
7239,129323.91542412445
414,343651.50865320937
9095,160909.9029219255
6136,197436.12288813762
12482,230804.26872523426
1254,144603.00388201128
12989,193116.49977582737
2923,253975.8657988323
13845,120162.09953002937
11169,180002.83772063238
3031,429626.2055346458
12704,289268.99999198987
3430,182156.24224116595
4483,114858.71981940819
1438,163671.6404502887
7790,158038.13968282583
10260,181666.95461965268
8340,185229.7430806077
11099,124632.10827911095
4392,152209.0783236381
1551,193520.98451328292
6566,248597.6893867029
12689,176334.05563037985
16117,171445.02869661272
2800,385786.1077752174
7779,246244.83186528648
4546,157519.002662654
16734,227143.84210351857
2506,160970.08043136395
12457,174036.0636413904
14626,143824.05636041725
9816,186164.5716753762
5055,165132.82894706258
13894,185030.29934213878
2676,183962.43608228827
13860,233313.72759940955
3029,185822.347118416
5048,245478.46137646268
12857,126486.75560480349
15813,140195.0232071455
9973,152201.3580687939
6664,279994.51207589544
2764,242653.81928704944
10746,129611.2967810321
1068,274780.7229466573
6797,223617.48800140564
384,133542.40064083115
16012,81521.17182867207
10891,264493.36696424603
1110,121111.21993247238
10284,352524.179802299
15508,177364.61101441618
6000,71008.87610166987
15275,214710.26425589164
5312,123992.27814735197
391,153404.52650362256
10154,174228.1676454484
7256,187580.47811735133
7947,174451.22312618402
4097,174236.38134938278
1526,337742.78817856364
16261,275652.0554791535
8470,163259.70271330915
3270,220530.77245073713
11212,279875.1456925052
1261,199519.50171089487
13456,124769.07651644108
3862,201446.33914366912
13241,190761.51870819274
8526,251246.49991856178
5013,262622.86812350166
10205,347100.5642800636
1346,230225.97181819557
12977,229563.02652097956
10073,154565.10521947913
9623,193286.24113975195
10590,194273.89636033293
2773,240161.25199120067
4444,261738.70729652335
442,189049.77115306928
8376,240452.17230008813
13461,194226.0954402233
13229,165869.53676115212
8718,179595.7726526979
12847,179535.81330909114
12117,236661.87348529007
14510,131021.57439255236
9254,307085.88491344
16290,255138.28272850523
3936,230788.64337091765
12526,177616.93809609968
7302,268114.33943352
3268,213800.66235561867
13230,245990.56857806965
12695,205207.4186672061
14761,267108.53925257956
15771,244748.83563717458
12598,250095.6310231836
15357,170242.67933187768
9874,119091.8266403015
7582,210048.29983887493
16604,469063.9483088853
2023,154174.5017858761
13932,173054.7500263357
13300,88405.7608821908
14040,189597.93512748808
12612,176279.29386111576
14843,278539.8459666124
5242,165055.73053232222
1343,137010.82668318079
14576,186908.89342697532
6257,124135.00181585296
25,173580.69761441264
11043,214600.90400646697
5047,80117.93925913205
16080,220159.89604516127
2161,245270.37654880315
2444,147610.40307348344
5459,234988.9573718526
9033,140165.29277427788
11539,201541.052489671
14256,183124.9012511077
9219,251956.87650301366
13840,299837.3869963277
4848,233448.9612635691
227,167730.7852030187
6238,207245.19102321196
15530,182814.90840087115
594,154599.4398593529
14505,105578.76805356798
11748,231735.64708445044
13771,140447.56927524914
5778,225120.55159932707
9820,111106.1906347169
14066,209079.77529108792
8498,204709.14444225124
6058,230307.09560120702
13661,210056.57071971067
7992,186200.57406219578
10264,98532.83990961671
6924,188342.27040480534
9183,176630.52303206522
13325,217518.39709050543
10467,70346.70082189796
998,211948.36357582398
3700,189845.50256985024
5094,217610.1089880155
11643,137022.58291400998
8496,188319.09949463766
16487,111169.67845061787
7810,285245.90215258976
15418,167305.88016573942
16355,223903.93493225204
3194,180792.73131658
9278,220990.7090462634
2707,148823.19596731363
5688,382756.5298288964
7883,203043.36907409175
5250,311136.09214631893
12794,224848.63726490055
15958,321606.5167372127
68,251397.86780573343
9505,181927.20029982447
4162,180238.66808022014
14730,159339.39387416322
14671,355388.39203422633
13981,246754.41170290543
4445,272030.0312456892
15067,157121.69841116192
444,222848.3324151035
1613,237878.54290829346
8509,401641.38512094825
877,141211.89025309146
5170,274826.41897921043
9846,322299.4449042999
5915,174917.11815693195
12459,241297.21988093897
11318,209051.21536726528
16009,237551.1441494642
14466,324485.6514041292
7896,182310.96575401502
11280,178953.8316491249
15529,290479.0050012543
3859,392361.7271053974
16193,189775.61047980585
8796,142542.30644021693
13010,182160.05108334054
8672,145223.0558766389
16756,131324.22694178953
6929,322966.3389045106
6288,246419.65413351273
2842,201305.54343635403
13446,498813.76706540986
10235,156654.92320790607
7654,208784.47206423906
15967,245243.75454152367
8048,184417.98139996376
4253,295893.0884082969
8004,265549.2751624377
1397,404589.86971831514
4799,334894.58875818946
8558,142400.45269292404
6060,291826.009723569
5608,177020.54369683788
10515,242666.76931025166
8931,242519.16031901338
2396,247255.9466350664
4022,163142.84416053933
12471,273707.07305171667
1711,208250.75771123983
11430,190328.76459089443
9829,207193.62512351104
4425,194498.6497001995
9803,370088.46738265676
4651,332058.40602616343
2189,341813.4445046689
6368,268298.95630052045
6568,211386.4499089023
13827,70958.05664407316
4375,387878.4438242271
5622,202878.95028687178
10559,113629.1469384421
10985,377389.3425499989
159,316343.95639430697
9038,198654.85130462996
9382,372440.2725273485
11998,226185.6888825735
5184,229937.73949082833
10542,171857.6613024936
3537,71119.27285164139
13475,151710.92932611614
15536,335264.8485886551
6948,282224.7470422225
2888,259942.8199901872
2830,200381.17744973942
12064,182593.21405060258
8922,220238.6859300839
16427,199921.02584874563
14051,100668.84893381211
3251,321616.56495504733
14202,147449.50424803403
13756,142970.54993660806
1421,154553.98882863944
14187,189102.76841973196
10166,241851.2827625708
4923,103033.80412817193
11570,200053.7456605299
9844,169709.27523612772
918,167306.02827616606
8919,275073.82021409605
8818,153877.4845097158
2949,176871.50448509763
2423,129190.73287913762
15361,184726.78657345512
13254,106793.60562515531
9692,235380.06234771878
7271,305459.7730658892
2017,234823.27611049384
4036,151211.75809250958
11373,216251.86308658094
13377,263928.44703558757
9977,180511.75286971455
7410,168813.1048512886
11817,239962.39808525762
2573,183590.18084788576
6543,199899.01870059152
8819,191333.08094409844
312,121651.8736068816
14517,202975.69466399535
15090,238467.94099228136
10789,184728.82139709176
1910,201452.33395169687
14652,172172.38419742772
13121,233080.18509279325
5125,247019.89367896345
1959,206974.2794132341
12034,285613.039758229
15595,112425.95570901674
6153,134869.85778065145
4053,192524.86957733118
10877,281740.87536855286
4529,197694.47174681805
10158,206184.20862705365
9236,187084.42888821274
5299,309211.3096780192
13059,225616.55606299985
11152,260351.8685590046
11914,348883.1541510854
2442,344088.18330394157
7044,179842.39436261624
5893,185353.90238863273
5035,124795.55441421592
979,287392.22438691574
3409,179654.7341013668
6675,218152.3775519862
11650,257816.42975660146
5611,137937.58455795623
5956,189347.74286152964
16435,198992.46375705436
14599,168138.37778799373
4215,198433.11452568707
8873,166472.33074563302
14918,316035.7293318121
10011,156833.1795970806
11446,228412.22895154383
1535,172802.65820208273
14241,214753.40749943478
9543,198373.46399563205
10979,172394.30784588278
14215,435527.15080879634
12365,190475.85429648447
6681,183226.16578105735
2924,242364.3270609606
6445,271303.7197103034
12032,195483.58341198717
10702,183340.06850824115
2974,165211.6661457283
3877,169364.7120819387
15147,180823.5233021829
15984,234785.85437630516
2324,421374.4429187476
7499,285060.90971257485
3801,369369.202635804
4284,234408.00230649483
9329,175471.98367780083
3120,351025.19300545356
2531,142783.41325601988
13762,140797.95716794385
3691,182078.3920594462
8058,189313.62752110208
4897,166655.99588493558
14925,196677.16231938355
4330,137769.1562421762
5453,177121.99363632273
6559,212752.65064766697
425,360500.922638539
14024,184927.9045124214
10413,157113.7079508442
15294,178657.11841527955
2821,255837.6663079217
11509,117466.25685874294
9074,168029.59720239046
16091,295699.7745599207
3642,198784.21630940598
16124,198188.02651163714
16449,157447.11827170762
8684,181505.082316821
2392,350118.4158822147
12234,203342.47534277727
14199,114302.85026236852
834,291594.6536919037
1484,179426.3263872964
15653,152557.65624805636
11663,169342.91093505977
15397,362295.9572456429
11385,194017.86634596853
10151,182454.9523795291
13263,117866.71062721574
4505,245141.76630294486
1851,141028.46930023457
15471,151015.915288769
6560,228343.15804145377
4007,372587.1190856187
10251,235217.8290329089
265,196618.79338230952
14770,181135.14123902333
1353,233697.06351442434
16335,213962.2021532683
10859,180814.0056119362
641,204123.7418614635
11985,209208.9510484823
8076,180865.76554083207
14160,203406.16107557793
12506,290145.88013966015
8809,193336.2875406549
6957,151924.95265814697
4478,125895.40018788213
4749,190245.47031394273
12322,188192.9219775431
13910,158435.53172186052
8252,207571.29671845696
2431,249975.3113209882
12670,110490.15752717612
7537,151093.98330162335
4637,457203.51112662914
2538,176803.2795228759
15290,221710.43489253573
16072,320144.71516135515
16740,126033.85409711902
6078,190573.782864907
16723,164474.46478136533
3847,247416.9350171813
5999,88216.18351572951
7678,221166.0205484589
4862,169568.0355791267
12468,167299.00245763082
13409,366918.2101599191
12380,222275.6397427475
8962,127271.3521441315
11004,281519.1816502482
792,159253.4925378753
5687,245665.73939004153
3906,119978.83900829517
13554,121551.59837840546
5863,113736.54946468805
13459,142240.45207919335
12378,250020.13903119357
9935,136304.3113369024
5674,176519.2121331285
4535,226560.8954805149
12310,396710.5095307546
7048,170655.09803564503
1143,285037.84742395906
16085,177276.2238535422
5358,175303.42870793762
7100,242204.11753864982
10384,170062.56479093508
5006,187514.65316777
7371,158441.8244904636
4720,155258.81648182508
7577,250480.54105313777
15196,203731.06357152044
8467,321328.1358775413
5251,135147.46651771214
9220,137646.05487266547
2151,176338.5420240939
8081,262754.46574743243
15824,175827.23877765838
10545,283850.0825372343
13403,348761.71454756206
1559,68245.56756874915
16795,177460.87637248792
6293,184001.2869178667
16024,209242.56897922503
12167,180924.86448550437
3078,127747.5441478592
6736,205168.8600848223
12124,344426.7650680761
6489,306946.75628373324
2778,239104.92702447713
13074,146367.9710909098
4075,136707.96509603868
15195,238309.35806269062
3160,137924.1813028915
1272,214735.72001701803
14776,247261.14974460154
8497,252542.45151206254
4,210866.00444559712
15732,316183.10418339324
9111,455766.19632763707
10748,181533.558919321
8944,189080.5185093867
1906,165741.63954051718
11283,110352.0463567508
14269,130501.97421110184
16232,169362.4975795988
1839,300363.2371176921
7894,311309.21162916446
5703,196557.25205646225
1347,329844.4161793969
4849,69896.8141859838
5618,144457.47939858242
9672,218161.82357341782
2638,134661.73963974192
1962,346427.104403594
11717,232799.21610479287
13358,351624.49522402673
8258,68400.15262616139
8822,236941.9803175459
2927,187391.1181980961
14741,284718.02860351274
8216,135245.05972009175
12317,157163.36148463047
13133,253451.78471765696
1286,189859.00062229592
13116,140326.260621066
9198,128740.18661495726
13679,192370.41907949946
13877,156477.29083713336
5946,137658.51199439532
7428,211079.40556158993
1073,287849.7508526151
13970,161423.00232795544
8466,181899.28724386328
13135,153768.51732624986
1778,196851.924503357
195,202035.07170088575
8973,114995.02649538664
10674,177081.833210826
12350,131369.2700725323
10295,138406.20445549733
7251,315236.2791869391
9245,191994.62620139506
9126,131566.94641611798
7740,224228.316709858
8956,182521.85898045386
13686,169851.75761716068
2864,163683.2886098686
7110,144051.8798453497
11331,252264.35909357457
16637,177469.2479014609
4580,334627.44276719575
8909,373926.82667247584
11932,227755.03844954883
5243,181579.607919445
13419,273109.99868422694
3459,258020.82648467328
7053,377361.4282943697
14691,293778.49112058326
12535,153765.82760226
560,369379.48930312606
7514,241751.3297495193
5305,178010.52218814322
11231,228429.7747811803
8803,132821.01173981838
9791,169541.49752122033
130,194316.5830402148
5874,370919.2960680353
1440,189908.82367595992
6474,171696.85827118496
12168,193328.6290921137
13187,377494.1348716349
9831,226540.95214001558
15943,190335.57979702592
15846,161284.7145698825
1402,202724.39641137904
4968,250658.0709084681
5131,203205.1941767919
15580,111451.41712652238
10869,187900.5657188529
4679,135399.54906356405
13908,149091.3251565976
13489,242753.97416118096
16352,117910.31822993887
5691,188803.24282106894
8780,264344.67040779925
11933,302608.415376706
4136,352111.2742063943
12873,179169.3497378683
13330,198328.58076929918
797,139949.29635251444
6450,434715.8702745156
10056,146308.41187838477
1050,131571.8653006248
1202,171012.02605102674
6680,118484.76091289565
174,181749.88404383848
6337,136475.1805035789
6704,173234.4196314969
266,145366.07801559614
9195,113133.59999234753
14668,115438.28072173403
9315,209123.28283572133
469,275644.39065816335
8852,194525.39589735365
10907,244192.0392272098
5287,390246.7717770051
4548,242741.81039157833
9637,179156.32013500095
11010,162660.57872273377
9564,172360.3441786814
2681,102531.85113763339
6776,181191.3794654209
8311,179516.25181435098
6580,193105.07953543554
14417,180425.51988729532
3892,195987.3086752518
4929,151123.24755456555
7340,264185.87681717664
13225,193026.06129345307
5581,118558.52137526218
8015,135690.87934444635
13567,141273.15208082524
10596,206873.28873505894
11291,160649.57799073673
10901,254998.5899904251
9349,255320.58248636537
4030,238175.8601378032
8357,192316.4813527232
829,177046.15330938235
5529,426446.428004023
4134,219188.55064202184
4867,197180.23770772843
903,229679.69550166524
3701,181107.87337851542
12916,100517.82849015636
9031,212677.726378028
1965,258970.2453231971
13851,262980.1151866489
9314,209043.55522556233
7386,172344.72900792223
4088,171921.96657861007
14907,477415.92889490264
5991,234099.03101534068
10265,267052.6409947128
15260,165391.34204005313
8053,183747.4897525535
9577,229028.91449580595
15509,145407.35962409322
12153,245288.26861578255
3218,240918.41486626407
4740,258672.64260374356
682,181860.13334577487
12176,236706.95619695692
12385,149600.67366661146
2523,84994.92370162094
5801,178285.15606782172
12751,157320.63585964235
15121,182931.89933092258
517,362803.261934876
4822,223657.9653711813
1129,373784.6152400569
12396,192055.47986918825
11329,242708.3525213542
11856,292779.6218275277
3653,182395.25632318566
13404,76632.41976973452
14486,410188.6203959626
3502,168521.64255530582
7717,86679.53776713421
8808,183410.48669993167
11676,194802.95561019203
7033,270726.91475895507
1681,187753.53262375534
6658,148527.49260656585
959,429979.9677037052
4871,206180.00515672273
6946,194908.46989634496
13763,241797.62322930704
15320,273663.4244636403
3065,155370.27471682525
14742,175348.33867502946
13959,137705.3284476838
2427,167551.95155247027
1716,276860.80457486695
6258,128814.72881476689
16677,154985.12153101823
206,339393.4977868675
13659,480913.60699014686
7782,140325.29665774302
3308,126692.87106427424
9073,127136.64270302313
6342,438862.0404127008
868,344822.28575510083
10153,246277.5708867608
16788,170928.91205568958
14886,155367.45838987376
4674,179937.53617511134
13599,143588.75229543637
6851,227768.1204734284
6443,249655.76730859795
9903,154867.68021872715
8321,304859.89884806273
10686,185013.43917882827
11106,147432.70531012482
11845,123770.30813543257
2439,263135.7235932327
5461,413761.65726622293
14559,200958.403614023
10215,158820.6754897519
13566,384259.70416272955
16563,132292.6145447203
10492,269354.1065885204
13847,195695.27978264482
3607,185387.914108419
2844,166036.02269994956
3499,141880.5910757833
7478,297596.988531478
4728,312793.6415768475
10883,174375.45596350534
13602,82913.85668969032
3751,149093.841058506
10299,182227.87458666743
13023,190632.2862078465
14498,208642.22547056284
13601,127781.93490597865
5787,140322.07416938676
7853,157304.69553420416
2429,285606.283243014
2359,280450.42907232465
13926,239808.43222640612
4278,156701.3269445453
14307,227331.90801992954
15677,348810.54718450864
9,127585.1438805543
12630,163220.75534025137
16428,367455.7644459647
13285,198765.1932304281
7902,133629.8723375366
866,109045.93768193993
6077,158594.09087992075
4015,321843.8212525553
16350,172685.55748758235
14793,142214.81203303311
1409,182920.5404678156
5199,149791.92474469342
12036,258834.91041427397
9654,125421.41589145883
13106,206705.08450421746
11780,167863.76726003134
355,211034.6764688754
6247,147628.3906725577
1045,229742.31875348827
4019,212570.46372481852
2048,207543.19180708204
14586,88172.8832554247
6720,195031.08794941366
5509,128251.29108890353
8463,240772.5810276524
3202,238743.61092238224
6910,163920.56431740054
5701,318142.8243781213
1,258425.1769847388
6853,165667.12482267315
5386,178188.53701396895
9251,228132.746255153
8580,176788.4836693736
3644,217468.52479333588
3258,188309.52046748527
329,196106.64019829535
5038,204571.8290848265
2526,178865.2918451488
2082,384627.05186630227
11081,154394.31910977475
3927,215336.11631550096
12305,179003.4137764165
10975,294180.89215836336
2590,233382.9523636965
9337,176060.99536106456
9368,184341.86688173297
16111,151355.59958919315
986,302951.8729280477
426,181907.87837788987
10040,175030.78094395428
16463,154648.09258535653
3704,244994.63010650364
15406,273134.12817842595
10035,303029.1357454007
16251,135718.28759132794
9520,464232.427262064
503,212045.53882123408
8260,248103.76835013225
14309,230641.68918755132
16054,303691.5797906674
3885,251578.4232439834
5924,143226.12019582646
12843,176983.4475447176
14300,126601.1981196674
12608,260705.09256717443
11437,157771.93921685556
9535,170201.91682428907
1528,198640.9789180317
11518,166010.91536971342
6401,253629.37709831615
9129,159318.90528975343
13069,188863.91167013094
16607,160898.15762804917
1473,321980.6093759021
6085,215794.00223642398
4067,248028.94798024575
9178,179083.06966014337
5090,138571.07089702593
15046,279628.2215188947
13621,182783.16654312715
16065,219571.89971204728
1944,186534.2511986018
1060,251022.66917261743
1764,311152.91176140716
1705,184549.7769258723
9961,108470.50602825044
18,263771.2283330198
10371,90211.58234730634
13185,131324.03854539205
13139,278566.5836927487
3161,351143.6308295681
11931,230066.718350127
8759,194072.29084344217
12969,90671.37543605536
14329,279993.36469545064
3637,196605.13074504735
1165,117550.28122239001
9976,187696.53235129954
16490,199469.55116643707
2074,286194.0502216447
15364,351518.6262703565
11394,281941.97511578916
10222,239198.13711764186
5948,126138.37472692416
7494,196596.52959190006
6285,196158.3431023416
15220,135394.09873047567
3237,149517.5423947168
3528,191856.84930366688
6289,283914.9431709265
15784,195918.1656362662
15321,308740.8232945741
4562,145761.69798490815
6402,240021.44898529616
12688,209336.26374697097
3536,168315.80395335465
8426,126161.10221358523
12434,274810.2541292771
5645,210500.3909046232
15080,211744.68231914548
4677,183235.44613346906
9818,347812.5651162961
13496,181174.16596602977
15682,232363.13855649182
6284,275674.60961767146
14342,183107.93749577444
8109,201598.23389336604
14818,231137.36492248013
5724,103129.39635609169
7471,157498.66751221163
14905,193816.21700007483
9719,366338.14103539556
10637,298465.1108134615
12838,165652.1510081374
15949,229923.8871316622
2334,284712.1375978189
3416,183868.62315409316
12303,142706.39792549008
528,178468.57732541193
980,182066.70872800812
1298,121097.55828592998
13728,180959.176066553
10842,126698.1938557452
14596,110895.4101705709
1899,423914.59951585124
16380,248346.845630528
7855,149118.05209394175
8147,258083.28681646124
11469,150621.29064341704
5779,69769.67862287998
3389,373201.03263376065
7885,242109.10137127512
5254,424525.22100683645
6383,134121.62120253316
3498,209491.04343572893
16166,498059.62613455916
2413,246557.7736782794
14653,248583.25101697168
9345,156302.7738544675
13711,182153.9571693026
822,189715.35421952608
12640,159127.38391682663
11954,266344.37722064217
7914,376559.0928845048
7394,343611.2372794798
7354,177795.99417601473
13058,151849.27667469546
4836,256214.5409142036
362,146312.2602573384
9365,118034.11091250867
211,131225.8710830193
8543,157969.95120062886
188,198330.42509021753
14196,385768.39998358086
7114,267429.5228289161
13431,200817.30343112384
12869,286361.05462986795
16681,249610.34632281688
16528,172755.15654422247
390,379319.46355473134
11752,150120.49115521117
4408,147879.65770003467
3315,177222.48766849816
16071,210252.41945440817
16535,68781.36744573175
12463,234732.1856474992
12790,247272.88614847127
11787,147479.71309934606
14577,189145.68739754186
4431,265290.42657644534
10286,143661.3040277252
1676,287370.66619324783
13993,297596.1806899941
4761,179065.66447005526
14670,216944.94520315022
4795,265103.68362494506
15411,236520.4444818384
2909,72190.17480374174
8236,399237.3280645305
14017,152245.78702425823
13974,247538.57889818016
6513,235961.70954111774
7695,162806.34659969283
5286,196045.78206288136
4902,265367.7925093345
1124,316111.027094209
10436,199057.35520827508
14749,272844.03969213314
2609,203740.52422309632
14548,233007.73797931735
1566,168272.54317856496
3649,167430.36431404122
16101,227077.70591698922
13095,168273.3537688734
2779,168850.04694997967
14203,136586.5717425772
11019,189934.67896861592
7653,167720.18346813854
12835,194882.7941723857
9683,281800.03354843543
6955,126597.71476845302
11504,119992.46446684464
12110,177468.89354722085
237,205148.1417681469
2612,197597.33884660943
8855,297545.9979660889
8729,142025.75568550683
11580,201299.2699996551
13807,201870.52159380485
5375,230686.46858320117
16767,369617.13933762076
14540,211921.2412037244
255,237426.5152851339
3586,170684.71764333936
5671,194743.344250005
10311,340166.51208881073
13280,229010.00275159298
1788,209740.94976271555
12128,183722.3398150273
3576,387259.2701480158
1285,211893.99906428342
13502,187132.09804742795
6518,205075.2224150413
1729,188322.8738189879
5398,172024.1193234048
12539,244621.5101620768
1476,179744.29951700324
5057,355832.2188073589
5133,249087.0737911585
2196,394083.2568849971
4041,204834.2769108836
5252,76821.31895315001
12879,165636.02871350825
13210,236906.50927322241
7390,325637.07721437135
15942,145301.85197173562
7054,115478.08289936166
14632,233589.50166514915
10208,220087.93777552247
14120,175176.84474837646
13607,204218.18043412446
9647,213910.4027586022
12134,194651.9716038978
8593,149882.2130612645
16231,143329.0527303465
12474,168187.08687415413
11640,126895.99350285038
1685,111844.47532994465
4474,154368.51406834027
15313,204490.40628245185
1736,141491.88143274208
16471,170428.42152483852
12517,215879.87866323293
15437,198895.53968088637
3381,192253.56919584633
16555,143006.9524330259
15738,204499.5236094307
2896,107852.7910332025
11356,285452.36543049733
9734,177429.8194964472
1890,165059.43564899752
15344,198887.3888327189
13575,137610.2796823807
14595,214182.44549618597
10567,218976.13727961265
12889,183970.01194100844
1213,210993.97202683656
8841,107928.85168513548
473,249616.21641077736
14853,211153.27796790292
15271,396090.4109308664
14191,252129.77927469075
12703,285769.48309053265
2649,233790.7725448725
14916,149978.60420993133
8975,108261.23702654995
12108,243249.97488942597
6070,155913.19006031766
15765,170137.74835638277
3713,142742.1510930997
1618,286831.8267208626
13874,180510.47132111448
4407,126838.46227209596
8550,200536.52143586468
15759,315784.108712928
7808,141478.98686440085
1127,205319.50880654246
13108,286688.5792408688
4426,177864.79826633795
6175,230284.94605028175
7903,278466.21159983735
2076,74761.43538540923
9924,241982.3310009849
2322,147698.65508263765
13844,183640.65313581732
13871,138137.8145229792
5908,222706.1947202051
429,454408.0713730024
3443,135609.47643054952
170,151715.92904361448
9879,286321.9966823935
15324,275566.14097424655
15616,180997.84003320246
14217,220799.68579012004
5262,169786.94634543435
13426,266489.9584441474
13286,176540.18613416026
10464,184510.17129790713
10881,200059.4472148735
12776,126864.33382169702
10664,185657.383314999
15237,195855.6169319112
15999,243606.2729972133
4816,293684.9449543799
13856,153111.70776019222
2701,228460.63842735448
635,170659.527597996
4016,199416.20874792014
64,214619.24378552233
4881,198041.67772654415
7017,294589.3652519205
7184,263733.46892370324
487,168736.5826477734
15897,351361.67214684805
11444,139084.56225529368
3260,191844.65474592097
3127,165109.40767766788
7899,135586.21070616445
5705,199267.36805996153
12960,237314.54374153283
4046,182799.81082268857
2190,252299.16340886048
15787,149381.17363266659
1926,243744.88543323538
3944,190210.12900468014
14709,233596.31514840183
13046,164857.77431411532
9845,198701.0675037681
7432,103649.77361424787
11524,226440.99417471536
6393,174690.80243434708
11323,142307.23888214963
10352,236235.5313100224
6811,336096.2602412579
2606,291889.2456961796
11660,388598.39032937284
8305,200858.2674395439
7357,213290.12454429726
14796,185283.3825392529
15587,129937.4412150299
2461,348866.9966840859
5605,188230.61959647777
6554,190190.04966378835
7662,265032.2706292082
11798,215693.58051575642
12078,180748.17312456042
1758,128332.79891420048
7661,453277.06665746914
3335,176914.1311847572
2854,214219.2985695828
16659,235283.70956032857
5241,278901.6214477295
16469,352650.6674964651
16098,172815.9211254163
15049,172226.53435859058
5152,81696.59182231633
2166,155751.20568986612
16465,214913.400160926
1768,126773.80406216132
8744,210470.25460879464
10594,160988.57671449654
1339,177035.66575274602
6998,180382.3918262193
723,198765.21669371746
11357,179548.82288519412
4413,176718.83888965176
5026,198288.06505975348
4412,257116.37831120903
537,152665.61770885566
10270,114196.43194945977
9571,234880.8475043192
9969,249778.10501022916
7822,69457.26695442764
6621,199622.3381332299
208,185898.58849703424
5195,208053.42588555563
7032,146531.68809315984
8263,185108.35022201642
14719,389013.37396576593
15622,175187.24021014746
4259,185885.64913104643
3085,293550.6855813187
172,183936.78152529954
7130,159157.10985007673
8767,171002.34422899838
3087,164200.25737593713
4089,259136.03347025064
11477,122456.80361138178
2246,183602.8708914471
1793,186994.51150032703
1630,188616.38308134582
1189,131210.02630189486
6050,239959.8704693158
8752,150946.8613115524
8963,174322.1197961301
9671,384846.00566283835
4820,150664.18544383423
4475,183602.34080186192
6396,214508.4623226525
8932,201564.44009003893
162,172450.075891036
10847,151125.62397147395
5692,368358.69764624373
7316,252549.4619817973
5485,217183.11461391996
9780,323506.3668003752
7307,139384.77086191037
9739,266941.7031935318
7426,146734.54993814786
835,178549.0301046547
11744,273700.49217596726
11907,186105.23673224845
5684,183185.44452754193
10335,109119.80318832344
4466,227197.13310353766
11593,131956.8634747389
244,198273.11328064193
15205,264182.58746065723
6071,189303.5577677281
9455,433858.797553808
15862,296934.8019298279
8165,287278.89853212563
5002,233556.7555166938
5922,281970.8835771173
16616,277708.09419977316
7615,230548.0428182496
7911,217644.92230664677
7748,218972.24072372264
11265,335221.1982315265
15820,171240.75792132344
6648,180515.91542004718
7117,249790.0804919219
10262,185977.78648309823
2853,262554.84572407673
4606,222815.23122460477
12747,142340.43452249342
3953,155117.1601482393
3552,197810.37111610884
2675,260389.7175141836
4611,185829.09767022237
2025,201970.14214812356
5424,199623.05260278378
8546,185773.18594910807
8875,156947.2998734007
2807,359819.488005476
8578,232613.07557220786
786,340875.7318331945
3945,201444.84368963324
16733,136944.32591556522
16191,165988.57993518806
12669,171005.83734533412
10493,159841.55036270572
6671,228028.2947941256
9330,231823.72022166554
1622,161933.9225800812
8713,222887.42025009793
8696,293639.7395598998
9187,247445.57351405444
14551,163620.74356378478
2646,283966.98490277375
9563,289089.71788047574
4031,157623.71838008994
5155,190603.20697297942
12116,349665.9561730371
3834,358695.8533110704
7785,260757.1294450755
307,169837.33593955726
13663,199412.9525149338
16357,120398.15950603368
10646,157148.65946270694
5615,160487.9485790938
4604,172661.31382273338
9308,181111.2799928276
16789,240335.825669282
15721,209090.78187285006
4994,385159.62145277404
5454,166415.10895672732
4034,200039.2916916521
1420,379015.29434094974
6453,150513.8685394983
8167,190222.72869013608
11657,259975.37646547882
14356,369881.1026371374
2024,252024.15769298415
7701,112836.22633401123
6291,172722.74118318968
789,187832.91496449162
16315,287334.5649613424
3677,175282.35063987836
13309,142482.55266466353
2088,111647.68643057888
3707,192582.56719612886
5240,217216.03153246763
13197,224978.03870647695
3147,157173.81814266395
76,297277.07379706047
14287,155848.62878935083
7940,251175.00515320268
2515,109123.52845351356
4891,250568.94410346626
7623,313770.61356625275
10671,362143.5709082878
13030,180375.16140139007
14686,228254.86077615805
13272,253666.97372667372
14954,291535.5239683866
16264,227952.0652580845
14461,182617.26025234695
13107,264422.898454677
8740,283551.66763960844
2824,224765.1708445397
1645,124778.1070938389
15613,163596.37743467302
4803,230574.7623791438
971,164593.13528190227
13952,180207.66390015534
3320,175883.66015727675
15110,161187.06559570838
2440,191529.79038502113
10462,144986.47089628133
6011,324853.5128957723
9405,128726.8455117194
511,165803.57721593545
4141,426485.8672103368
11651,165572.78557135488
343,207247.22912241015
14750,243135.21207963556
3711,178719.49083937053
6322,159161.0964102392
6533,208533.7794534523
6089,256589.5657622733
286,294025.4149912493
7639,104655.99335296784
16722,194784.98214645276
9157,218843.5824243483
7137,266731.09205908305
6669,338390.4841994471
3326,296037.2379015246
5820,153167.7200642376
11604,219636.7337453752
16087,183100.94896934638
5327,194656.3334977402
13639,201420.9066983867
349,329174.37091704016
15181,256103.28011953871
4821,285404.27466017863
1740,197315.31855582606
3450,154688.23070344733
16064,117866.71062721574
1804,111414.92641452981
5296,132388.05955106756
5346,460759.93059197796
4723,350725.96196901397
417,160996.24467784655
15756,164663.3157031987
14090,181638.80957551568
14778,306988.40068043035
2560,183818.46449614235
12920,85014.76540494249
8249,125837.6578148461
7125,165788.32090930312
11732,153633.32563247028
13365,395509.7504445624
5361,362252.92699430266
15937,297499.9482162517
2591,190518.21163770073
15706,196201.6048880712
2105,215085.61229436717
7220,312629.251548799
14562,188446.02946278188
6836,184964.58560332205
8180,253886.4745541976
4695,131449.43232500815
5783,325295.92290711997
4780,192957.2214047375
12504,174727.89382417087
